spatial_sha,pir_sha,time,app,project,backend,freq,runproute,proutesh,prouteSummary,AccelMain,logpath,gentst,resreport,maketst,runp2p,runhybrid,p2pstat,genpir,genpir_err,gentst_err,gentst_time,notFit,row,col,MC,DAG,PMU,PCU,MC_Total,DAG_Total,PMU_Total,PCU_Total,algo,pattern,slink,vlink,prtime,vcLimit,runproute_err,runproute_time,DynHopsVec,DynHopsScal,StatHopsVec,StatHopsScal,Score,NetVC,TotPkts,LinkLim,InjectLim,EjectLim,LongRoute,Q0Pct,Q0Lim,maketst_err,maketst_time,runp2p_cycle,runp2p_err,runp2p_pass,runp2p_deadlock,runp2p_complete,runp2p_dram_power,runp2p_rbw,runp2p_wbw,runp2p_time,runhybrid_cycle,runhybrid_err,runhybrid_pass,runhybrid_deadlock,runhybrid_complete,runhybrid_dram_power,runhybrid_rbw,runhybrid_wbw,runhybrid_time,OPS-All,OPS-FU,OPS-Fix,OPS-Flt,OPS-Other,OPS-Prog FU,runp2p_success,runhybrid_success,succeeded
481d287,b0af048,2019-10-07 22:10:42,AES,test,Tst,1000000000.0,../gen/Tst_test/AES/log/runproute.log,../gen/Tst_test/AES/log/runproute.sh,../gen/Tst_test/AES/plastisim/summary.csv,../gen/Tst_test/AES/pir/AccelMain.scala,../gen/Tst_test/AES/log/,../gen/Tst_test/AES/log/gentst.log,../gen/Tst_test/AES/pir/out/resource.csv,../gen/Tst_test/AES/log/maketst.log,../gen/Tst_test/AES/log/runp2p.log,../gen/Tst_test/AES/log/runhybrid.log,../gen/Tst_test/AES/log/p2pstat.log,True,,"[[31merror[0m] Failed passes: 04-GraphInitialization
",7.068362243,,20,20,,,,,,,,,,,,,,,,,,,,,,,,,,,,,,,,,,,False,False,,,,,,,,False,False,,,,,,,,,,,False,False,False
481d287,b0af048,2019-10-07 22:10:42,AXICommandSplit,test,Tst,1000000000.0,../gen/Tst_test/AXICommandSplit/log/runproute.log,../gen/Tst_test/AXICommandSplit/log/runproute.sh,../gen/Tst_test/AXICommandSplit/plastisim/summary.csv,../gen/Tst_test/AXICommandSplit/pir/AccelMain.scala,../gen/Tst_test/AXICommandSplit/log/,../gen/Tst_test/AXICommandSplit/log/gentst.log,../gen/Tst_test/AXICommandSplit/pir/out/resource.csv,../gen/Tst_test/AXICommandSplit/log/maketst.log,../gen/Tst_test/AXICommandSplit/log/runp2p.log,../gen/Tst_test/AXICommandSplit/log/runhybrid.log,../gen/Tst_test/AXICommandSplit/log/p2pstat.log,True,,,15.456771735,,20,20,2,4,2,4,40,40,200,200,,,,,,,,,,,,,,,,,,,,,,,0:39.58,6304,,True,False,True,,31.1878,31.1878,0:00.82,,,,False,False,,,,,"589940 OP, 93.58 GOPS","294976 OP, 46.79 GOPS","442448 OP, 70.19 GOPS",,"147492 OP, 23.40 GOPS","294976 OP, 46.79 GOPS",True,False,True
481d287,b0af048,2019-10-07 22:10:42,AccumReplacements,test,Tst,1000000000.0,../gen/Tst_test/AccumReplacements/log/runproute.log,../gen/Tst_test/AccumReplacements/log/runproute.sh,../gen/Tst_test/AccumReplacements/plastisim/summary.csv,../gen/Tst_test/AccumReplacements/pir/AccelMain.scala,../gen/Tst_test/AccumReplacements/log/,../gen/Tst_test/AccumReplacements/log/gentst.log,../gen/Tst_test/AccumReplacements/pir/out/resource.csv,../gen/Tst_test/AccumReplacements/log/maketst.log,../gen/Tst_test/AccumReplacements/log/runp2p.log,../gen/Tst_test/AccumReplacements/log/runhybrid.log,../gen/Tst_test/AccumReplacements/log/p2pstat.log,True,,,,,,,,,,,,,,,,,,,,,,,,,,,,,,,,,,,,,,,,,False,False,,,,,,,,False,False,,,,,,,,,,,False,False,False
481d287,b0af048,2019-10-07 22:10:42,AliasProp,test,Tst,1000000000.0,../gen/Tst_test/AliasProp/log/runproute.log,../gen/Tst_test/AliasProp/log/runproute.sh,../gen/Tst_test/AliasProp/plastisim/summary.csv,../gen/Tst_test/AliasProp/pir/AccelMain.scala,../gen/Tst_test/AliasProp/log/,../gen/Tst_test/AliasProp/log/gentst.log,../gen/Tst_test/AliasProp/pir/out/resource.csv,../gen/Tst_test/AliasProp/log/maketst.log,../gen/Tst_test/AliasProp/log/runp2p.log,../gen/Tst_test/AliasProp/log/runhybrid.log,../gen/Tst_test/AliasProp/log/p2pstat.log,True,,,6.026302921,,20,20,0,0,0,0,40,40,200,200,,,,,,,,,,,,,,,,,,,,,,,0:23.56,1,,,False,True,,0.0,0.0,0:00.32,,,,False,False,,,,,,,,,,,True,False,True
481d287,b0af048,2019-10-07 22:10:42,Aliases3Dto2DTransfers,test,Tst,1000000000.0,../gen/Tst_test/Aliases3Dto2DTransfers/log/runproute.log,../gen/Tst_test/Aliases3Dto2DTransfers/log/runproute.sh,../gen/Tst_test/Aliases3Dto2DTransfers/plastisim/summary.csv,../gen/Tst_test/Aliases3Dto2DTransfers/pir/AccelMain.scala,../gen/Tst_test/Aliases3Dto2DTransfers/log/,../gen/Tst_test/Aliases3Dto2DTransfers/log/gentst.log,../gen/Tst_test/Aliases3Dto2DTransfers/pir/out/resource.csv,../gen/Tst_test/Aliases3Dto2DTransfers/log/maketst.log,../gen/Tst_test/Aliases3Dto2DTransfers/log/runp2p.log,../gen/Tst_test/Aliases3Dto2DTransfers/log/runhybrid.log,../gen/Tst_test/Aliases3Dto2DTransfers/log/p2pstat.log,True,,,19.535513831,,20,20,4,12,2,0,40,40,200,200,,,,,,,,,,,,,,,,,,,,,,,0:40.52,4226,,,False,True,,8.72314,8.72314,0:00.67,,,,False,False,,,,,"56960 OP, 13.48 GOPS","32000 OP, 7.57 GOPS","36480 OP, 8.63 GOPS",,"20480 OP, 4.85 GOPS","32000 OP, 7.57 GOPS",True,False,True
481d287,b0af048,2019-10-07 22:10:42,ArgInOut,test,Tst,1000000000.0,../gen/Tst_test/ArgInOut/log/runproute.log,../gen/Tst_test/ArgInOut/log/runproute.sh,../gen/Tst_test/ArgInOut/plastisim/summary.csv,../gen/Tst_test/ArgInOut/pir/AccelMain.scala,../gen/Tst_test/ArgInOut/log/,../gen/Tst_test/ArgInOut/log/gentst.log,../gen/Tst_test/ArgInOut/pir/out/resource.csv,../gen/Tst_test/ArgInOut/log/maketst.log,../gen/Tst_test/ArgInOut/log/runp2p.log,../gen/Tst_test/ArgInOut/log/runhybrid.log,../gen/Tst_test/ArgInOut/log/p2pstat.log,True,,,8.508879092,,20,20,0,1,0,0,40,40,200,200,,,,,,,,,,,,,,,,,,,,,,,0:26.87,13,,True,False,True,,0.0,0.0,0:00.54,,,,False,False,,,,,"1 OP, 0.08 GOPS","1 OP, 0.08 GOPS","1 OP, 0.08 GOPS",,,"1 OP, 0.08 GOPS",True,False,True
481d287,b0af048,2019-10-07 22:10:42,BFS,test,Tst,1000000000.0,../gen/Tst_test/BFS/log/runproute.log,../gen/Tst_test/BFS/log/runproute.sh,../gen/Tst_test/BFS/plastisim/summary.csv,../gen/Tst_test/BFS/pir/AccelMain.scala,../gen/Tst_test/BFS/log/,../gen/Tst_test/BFS/log/gentst.log,../gen/Tst_test/BFS/pir/out/resource.csv,../gen/Tst_test/BFS/log/maketst.log,../gen/Tst_test/BFS/log/runp2p.log,../gen/Tst_test/BFS/log/runhybrid.log,../gen/Tst_test/BFS/log/p2pstat.log,True,,"[[31merror[0m] Failed passes: 61-TungstenPIRGen
",36.194009028,,20,20,4,31,12,7,40,40,200,200,,,,,,,,,,,,,,,,,,,,,,,,,,,False,False,,,,,,,,False,False,,,,,,,,,,,False,False,False
481d287,b0af048,2019-10-07 22:10:42,BFS_Bulk,test,Tst,1000000000.0,../gen/Tst_test/BFS_Bulk/log/runproute.log,../gen/Tst_test/BFS_Bulk/log/runproute.sh,../gen/Tst_test/BFS_Bulk/plastisim/summary.csv,../gen/Tst_test/BFS_Bulk/pir/AccelMain.scala,../gen/Tst_test/BFS_Bulk/log/,../gen/Tst_test/BFS_Bulk/log/gentst.log,../gen/Tst_test/BFS_Bulk/pir/out/resource.csv,../gen/Tst_test/BFS_Bulk/log/maketst.log,../gen/Tst_test/BFS_Bulk/log/runp2p.log,../gen/Tst_test/BFS_Bulk/log/runhybrid.log,../gen/Tst_test/BFS_Bulk/log/p2pstat.log,True,,,11.04168873,,20,20,1,4,1,0,40,40,200,200,,,,,,,,,,,,,,,,,,,,,,,0:33.82,63,"Assertion fail:
",True,False,False,,0.0,1.01587,0:00.74,,,,False,False,,,,,,,,,,,False,False,False
481d287,b0af048,2019-10-07 22:10:42,BFS_Queue,test,Tst,1000000000.0,../gen/Tst_test/BFS_Queue/log/runproute.log,../gen/Tst_test/BFS_Queue/log/runproute.sh,../gen/Tst_test/BFS_Queue/plastisim/summary.csv,../gen/Tst_test/BFS_Queue/pir/AccelMain.scala,../gen/Tst_test/BFS_Queue/log/,../gen/Tst_test/BFS_Queue/log/gentst.log,../gen/Tst_test/BFS_Queue/pir/out/resource.csv,../gen/Tst_test/BFS_Queue/log/maketst.log,../gen/Tst_test/BFS_Queue/log/runp2p.log,../gen/Tst_test/BFS_Queue/log/runhybrid.log,../gen/Tst_test/BFS_Queue/log/p2pstat.log,True,,,12.134126099,,20,20,1,4,1,0,40,40,200,200,,,,,,,,,,,,,,,,,,,,,,,0:32.46,63,"Assertion fail:
",True,False,False,,0.0,1.01587,0:00.55,,,,False,False,,,,,,,,,,,False,False,False
481d287,b0af048,2019-10-07 22:10:42,BNN,test,Tst,1000000000.0,../gen/Tst_test/BNN/log/runproute.log,../gen/Tst_test/BNN/log/runproute.sh,../gen/Tst_test/BNN/plastisim/summary.csv,../gen/Tst_test/BNN/pir/AccelMain.scala,../gen/Tst_test/BNN/log/,../gen/Tst_test/BNN/log/gentst.log,../gen/Tst_test/BNN/pir/out/resource.csv,../gen/Tst_test/BNN/log/maketst.log,../gen/Tst_test/BNN/log/runp2p.log,../gen/Tst_test/BNN/log/runhybrid.log,../gen/Tst_test/BNN/log/p2pstat.log,True,,,,,,,,,,,,,,,,,,,,,,,,,,,,,,,,,,,,,,,,,False,False,,,,,,,,False,False,,,,,,,,,,,False,False,False
481d287,b0af048,2019-10-07 22:10:42,BTC,test,Tst,1000000000.0,../gen/Tst_test/BTC/log/runproute.log,../gen/Tst_test/BTC/log/runproute.sh,../gen/Tst_test/BTC/plastisim/summary.csv,../gen/Tst_test/BTC/pir/AccelMain.scala,../gen/Tst_test/BTC/log/,../gen/Tst_test/BTC/log/gentst.log,../gen/Tst_test/BTC/pir/out/resource.csv,../gen/Tst_test/BTC/log/maketst.log,../gen/Tst_test/BTC/log/runp2p.log,../gen/Tst_test/BTC/log/runhybrid.log,../gen/Tst_test/BTC/log/p2pstat.log,True,,,,,,,,,,,,,,,,,,,,,,,,,,,,,,,,,,,,,,,,,False,False,,,,,,,,False,False,,,,,,,,,,,False,False,False
481d287,b0af048,2019-10-07 22:10:42,Backprop,test,Tst,1000000000.0,../gen/Tst_test/Backprop/log/runproute.log,../gen/Tst_test/Backprop/log/runproute.sh,../gen/Tst_test/Backprop/plastisim/summary.csv,../gen/Tst_test/Backprop/pir/AccelMain.scala,../gen/Tst_test/Backprop/log/,../gen/Tst_test/Backprop/log/gentst.log,../gen/Tst_test/Backprop/pir/out/resource.csv,../gen/Tst_test/Backprop/log/maketst.log,../gen/Tst_test/Backprop/log/runp2p.log,../gen/Tst_test/Backprop/log/runhybrid.log,../gen/Tst_test/Backprop/log/p2pstat.log,True,,"[[31merror[0m] Not enough resource of type DramAGParam1894641004,PMUParam170117926,PCUParam761946492. Required 575. Possesed 440
",565.534168198,"[[31merror[0m] Not enough resource of type DramAGParam1894641004,PMUParam170117926,PCUParam761946492. Required 575. Possesed 440
",20,20,,,,,,,,,,,,,,,,,,,,,,,,,,,,,,,,,,,False,False,,,,,,,,False,False,,,,,,,,,,,False,False,False
481d287,b0af048,2019-10-07 22:10:42,Bank1D,test,Tst,1000000000.0,../gen/Tst_test/Bank1D/log/runproute.log,../gen/Tst_test/Bank1D/log/runproute.sh,../gen/Tst_test/Bank1D/plastisim/summary.csv,../gen/Tst_test/Bank1D/pir/AccelMain.scala,../gen/Tst_test/Bank1D/log/,../gen/Tst_test/Bank1D/log/gentst.log,../gen/Tst_test/Bank1D/pir/out/resource.csv,../gen/Tst_test/Bank1D/log/maketst.log,../gen/Tst_test/Bank1D/log/runp2p.log,../gen/Tst_test/Bank1D/log/runhybrid.log,../gen/Tst_test/Bank1D/log/p2pstat.log,True,,,31.074728792,,20,20,9,20,9,15,40,40,200,200,,,,,,,,,,,,,,,,,,,,,,,1:22.03,95,,,False,True,,2.02105,0.0,0:00.56,,,,False,False,,,,,"1641 OP, 17.27 GOPS","936 OP, 9.85 GOPS","792 OP, 8.34 GOPS",,"849 OP, 8.94 GOPS","936 OP, 9.85 GOPS",True,False,True
481d287,b0af048,2019-10-07 22:10:42,Bank2DSimple,test,Tst,1000000000.0,../gen/Tst_test/Bank2DSimple/log/runproute.log,../gen/Tst_test/Bank2DSimple/log/runproute.sh,../gen/Tst_test/Bank2DSimple/plastisim/summary.csv,../gen/Tst_test/Bank2DSimple/pir/AccelMain.scala,../gen/Tst_test/Bank2DSimple/log/,../gen/Tst_test/Bank2DSimple/log/gentst.log,../gen/Tst_test/Bank2DSimple/pir/out/resource.csv,../gen/Tst_test/Bank2DSimple/log/maketst.log,../gen/Tst_test/Bank2DSimple/log/runp2p.log,../gen/Tst_test/Bank2DSimple/log/runhybrid.log,../gen/Tst_test/Bank2DSimple/log/p2pstat.log,True,,"[[31merror[0m] Failed passes: 61-TungstenPIRGen
",775.402429833,,20,20,2,9,133,200,40,40,200,200,,,,,,,,,,,,,,,,,,,,,,,,,,,False,False,,,,,,,,False,False,,,,,,,,,,,False,False,False
481d287,b0af048,2019-10-07 22:10:42,Bank2DStrange,test,Tst,1000000000.0,../gen/Tst_test/Bank2DStrange/log/runproute.log,../gen/Tst_test/Bank2DStrange/log/runproute.sh,../gen/Tst_test/Bank2DStrange/plastisim/summary.csv,../gen/Tst_test/Bank2DStrange/pir/AccelMain.scala,../gen/Tst_test/Bank2DStrange/log/,../gen/Tst_test/Bank2DStrange/log/gentst.log,../gen/Tst_test/Bank2DStrange/pir/out/resource.csv,../gen/Tst_test/Bank2DStrange/log/maketst.log,../gen/Tst_test/Bank2DStrange/log/runp2p.log,../gen/Tst_test/Bank2DStrange/log/runhybrid.log,../gen/Tst_test/Bank2DStrange/log/p2pstat.log,True,,"[[31merror[0m] Constrain failed on MemoryContainer336
",11.648100975,,20,20,,,,,,,,,,,,,,,,,,,,,,,,,,,,,,,,,,,False,False,,,,,,,,False,False,,,,,,,,,,,False,False,False
481d287,b0af048,2019-10-07 22:10:42,Bank4DHard,test,Tst,1000000000.0,../gen/Tst_test/Bank4DHard/log/runproute.log,../gen/Tst_test/Bank4DHard/log/runproute.sh,../gen/Tst_test/Bank4DHard/plastisim/summary.csv,../gen/Tst_test/Bank4DHard/pir/AccelMain.scala,../gen/Tst_test/Bank4DHard/log/,../gen/Tst_test/Bank4DHard/log/gentst.log,../gen/Tst_test/Bank4DHard/pir/out/resource.csv,../gen/Tst_test/Bank4DHard/log/maketst.log,../gen/Tst_test/Bank4DHard/log/runp2p.log,../gen/Tst_test/Bank4DHard/log/runhybrid.log,../gen/Tst_test/Bank4DHard/log/p2pstat.log,True,,"[[31merror[0m] Constrain failed on MemoryContainer216
",10.019583217,,20,20,,,,,,,,,,,,,,,,,,,,,,,,,,,,,,,,,,,False,False,,,,,,,,False,False,,,,,,,,,,,False,False,False
481d287,b0af048,2019-10-07 22:10:42,BankLines,test,Tst,1000000000.0,../gen/Tst_test/BankLines/log/runproute.log,../gen/Tst_test/BankLines/log/runproute.sh,../gen/Tst_test/BankLines/plastisim/summary.csv,../gen/Tst_test/BankLines/pir/AccelMain.scala,../gen/Tst_test/BankLines/log/,../gen/Tst_test/BankLines/log/gentst.log,../gen/Tst_test/BankLines/pir/out/resource.csv,../gen/Tst_test/BankLines/log/maketst.log,../gen/Tst_test/BankLines/log/runp2p.log,../gen/Tst_test/BankLines/log/runhybrid.log,../gen/Tst_test/BankLines/log/p2pstat.log,False,[error] //TODO: Plasticine does not support unbanked unrolled access at the moment. ,,,,,,,,,,,,,,,,,,,,,,,,,,,,,,,,,,,,,,,,False,False,,,,,,,,False,False,,,,,,,,,,,False,False,False
481d287,b0af048,2019-10-07 22:10:42,BankLockstep,test,Tst,1000000000.0,../gen/Tst_test/BankLockstep/log/runproute.log,../gen/Tst_test/BankLockstep/log/runproute.sh,../gen/Tst_test/BankLockstep/plastisim/summary.csv,../gen/Tst_test/BankLockstep/pir/AccelMain.scala,../gen/Tst_test/BankLockstep/log/,../gen/Tst_test/BankLockstep/log/gentst.log,../gen/Tst_test/BankLockstep/pir/out/resource.csv,../gen/Tst_test/BankLockstep/log/maketst.log,../gen/Tst_test/BankLockstep/log/runp2p.log,../gen/Tst_test/BankLockstep/log/runhybrid.log,../gen/Tst_test/BankLockstep/log/p2pstat.log,False,[error] //TODO: Plasticine does not support unbanked unrolled access at the moment. ,,,,,,,,,,,,,,,,,,,,,,,,,,,,,,,,,,,,,,,,False,False,,,,,,,,False,False,,,,,,,,,,,False,False,False
481d287,b0af048,2019-10-07 22:10:42,BankNonbuffered,test,Tst,1000000000.0,../gen/Tst_test/BankNonbuffered/log/runproute.log,../gen/Tst_test/BankNonbuffered/log/runproute.sh,../gen/Tst_test/BankNonbuffered/plastisim/summary.csv,../gen/Tst_test/BankNonbuffered/pir/AccelMain.scala,../gen/Tst_test/BankNonbuffered/log/,../gen/Tst_test/BankNonbuffered/log/gentst.log,../gen/Tst_test/BankNonbuffered/pir/out/resource.csv,../gen/Tst_test/BankNonbuffered/log/maketst.log,../gen/Tst_test/BankNonbuffered/log/runp2p.log,../gen/Tst_test/BankNonbuffered/log/runhybrid.log,../gen/Tst_test/BankNonbuffered/log/p2pstat.log,True,,,13.787248729,,20,20,3,7,4,2,40,40,200,200,,,,,,,,,,,,,,,,,,,,,,,0:35.74,163,,True,False,True,,0.785276,1.57055,0:00.52,,,,False,False,,,,,"64 OP, 0.39 GOPS","64 OP, 0.39 GOPS",,"64 OP, 0.39 GOPS",,"64 OP, 0.39 GOPS",True,False,True
481d287,b0af048,2019-10-07 22:10:42,Bankapalooza,test,Tst,1000000000.0,../gen/Tst_test/Bankapalooza/log/runproute.log,../gen/Tst_test/Bankapalooza/log/runproute.sh,../gen/Tst_test/Bankapalooza/plastisim/summary.csv,../gen/Tst_test/Bankapalooza/pir/AccelMain.scala,../gen/Tst_test/Bankapalooza/log/,../gen/Tst_test/Bankapalooza/log/gentst.log,../gen/Tst_test/Bankapalooza/pir/out/resource.csv,../gen/Tst_test/Bankapalooza/log/maketst.log,../gen/Tst_test/Bankapalooza/log/runp2p.log,../gen/Tst_test/Bankapalooza/log/runhybrid.log,../gen/Tst_test/Bankapalooza/log/p2pstat.log,False,[bug] Encountered exception while updating node,,,,,,,,,,,,,,,,,,,,,,,,,,,,,,,,,,,,,,,,False,False,,,,,,,,False,False,,,,,,,,,,,False,False,False
481d287,b0af048,2019-10-07 22:10:42,BasicBLAS,test,Tst,1000000000.0,../gen/Tst_test/BasicBLAS/log/runproute.log,../gen/Tst_test/BasicBLAS/log/runproute.sh,../gen/Tst_test/BasicBLAS/plastisim/summary.csv,../gen/Tst_test/BasicBLAS/pir/AccelMain.scala,../gen/Tst_test/BasicBLAS/log/,../gen/Tst_test/BasicBLAS/log/gentst.log,../gen/Tst_test/BasicBLAS/pir/out/resource.csv,../gen/Tst_test/BasicBLAS/log/maketst.log,../gen/Tst_test/BasicBLAS/log/runp2p.log,../gen/Tst_test/BasicBLAS/log/runhybrid.log,../gen/Tst_test/BasicBLAS/log/p2pstat.log,True,,,153.696091057,,20,20,21,40,40,122,40,40,200,200,,,,,,,,,,,,,,,,,,,,,,,11:45.73,799715,"Assertion fail:
",,False,False,,0.148773,0.0848302,5:56.06,,,,False,False,,,,,,,,,,,False,False,False
481d287,b0af048,2019-10-07 22:10:42,BasicParamsV1,test,Tst,1000000000.0,../gen/Tst_test/BasicParamsV1/log/runproute.log,../gen/Tst_test/BasicParamsV1/log/runproute.sh,../gen/Tst_test/BasicParamsV1/plastisim/summary.csv,../gen/Tst_test/BasicParamsV1/pir/AccelMain.scala,../gen/Tst_test/BasicParamsV1/log/,../gen/Tst_test/BasicParamsV1/log/gentst.log,../gen/Tst_test/BasicParamsV1/pir/out/resource.csv,../gen/Tst_test/BasicParamsV1/log/maketst.log,../gen/Tst_test/BasicParamsV1/log/runp2p.log,../gen/Tst_test/BasicParamsV1/log/runhybrid.log,../gen/Tst_test/BasicParamsV1/log/p2pstat.log,True,,,13.833608052,,20,20,2,4,2,8,40,40,200,200,,,,,,,,,,,,,,,,,,,,,,,0:48.57,267,"Assertion fail:
",True,False,False,,21.0936,0.0,0:00.64,,,,False,False,,,,,,,,,,,False,False,False
481d287,b0af048,2019-10-07 22:10:42,BasicParamsV2,test,Tst,1000000000.0,../gen/Tst_test/BasicParamsV2/log/runproute.log,../gen/Tst_test/BasicParamsV2/log/runproute.sh,../gen/Tst_test/BasicParamsV2/plastisim/summary.csv,../gen/Tst_test/BasicParamsV2/pir/AccelMain.scala,../gen/Tst_test/BasicParamsV2/log/,../gen/Tst_test/BasicParamsV2/log/gentst.log,../gen/Tst_test/BasicParamsV2/pir/out/resource.csv,../gen/Tst_test/BasicParamsV2/log/maketst.log,../gen/Tst_test/BasicParamsV2/log/runp2p.log,../gen/Tst_test/BasicParamsV2/log/runhybrid.log,../gen/Tst_test/BasicParamsV2/log/p2pstat.log,True,,,14.458067475,,20,20,2,3,2,5,40,40,200,200,,,,,,,,,,,,,,,,,,,,,,,0:35.10,324,"Assertion fail:
",True,False,False,,17.3827,0.0,0:00.71,,,,False,False,,,,,,,,,,,False,False,False
481d287,b0af048,2019-10-07 22:10:42,BasicParamsV3,test,Tst,1000000000.0,../gen/Tst_test/BasicParamsV3/log/runproute.log,../gen/Tst_test/BasicParamsV3/log/runproute.sh,../gen/Tst_test/BasicParamsV3/plastisim/summary.csv,../gen/Tst_test/BasicParamsV3/pir/AccelMain.scala,../gen/Tst_test/BasicParamsV3/log/,../gen/Tst_test/BasicParamsV3/log/gentst.log,../gen/Tst_test/BasicParamsV3/pir/out/resource.csv,../gen/Tst_test/BasicParamsV3/log/maketst.log,../gen/Tst_test/BasicParamsV3/log/runp2p.log,../gen/Tst_test/BasicParamsV3/log/runhybrid.log,../gen/Tst_test/BasicParamsV3/log/p2pstat.log,True,,,24.588735694,,20,20,4,7,4,16,40,40,200,200,,,,,,,,,,,,,,,,,,,,,,,1:01.48,202,"Assertion fail:
",True,False,False,,27.8812,0.0,0:00.58,,,,False,False,,,,,,,,,,,False,False,False
481d287,b0af048,2019-10-07 22:10:42,BinaryFileIO,test,Tst,1000000000.0,../gen/Tst_test/BinaryFileIO/log/runproute.log,../gen/Tst_test/BinaryFileIO/log/runproute.sh,../gen/Tst_test/BinaryFileIO/plastisim/summary.csv,../gen/Tst_test/BinaryFileIO/pir/AccelMain.scala,../gen/Tst_test/BinaryFileIO/log/,../gen/Tst_test/BinaryFileIO/log/gentst.log,../gen/Tst_test/BinaryFileIO/pir/out/resource.csv,../gen/Tst_test/BinaryFileIO/log/maketst.log,../gen/Tst_test/BinaryFileIO/log/runp2p.log,../gen/Tst_test/BinaryFileIO/log/runhybrid.log,../gen/Tst_test/BinaryFileIO/log/p2pstat.log,True,,,5.887482108,,20,20,0,0,0,0,40,40,200,200,,,,,,,,,,,,,,,,,,,,,,,0:31.50,1,,,False,True,,0.0,0.0,0:00.44,,,,False,False,,,,,,,,,,,True,False,True
481d287,b0af048,2019-10-07 22:10:42,BitSelects,test,Tst,1000000000.0,../gen/Tst_test/BitSelects/log/runproute.log,../gen/Tst_test/BitSelects/log/runproute.sh,../gen/Tst_test/BitSelects/plastisim/summary.csv,../gen/Tst_test/BitSelects/pir/AccelMain.scala,../gen/Tst_test/BitSelects/log/,../gen/Tst_test/BitSelects/log/gentst.log,../gen/Tst_test/BitSelects/pir/out/resource.csv,../gen/Tst_test/BitSelects/log/maketst.log,../gen/Tst_test/BitSelects/log/runp2p.log,../gen/Tst_test/BitSelects/log/runhybrid.log,../gen/Tst_test/BitSelects/log/p2pstat.log,True,,,,,,,,,,,,,,,,,,,,,,,,,,,,,,,,,,,,,,,,,False,False,,,,,,,,False,False,,,,,,,,,,,False,False,False
481d287,b0af048,2019-10-07 22:10:42,BlackScholes,test,Tst,1000000000.0,../gen/Tst_test/BlackScholes/log/runproute.log,../gen/Tst_test/BlackScholes/log/runproute.sh,../gen/Tst_test/BlackScholes/plastisim/summary.csv,../gen/Tst_test/BlackScholes/pir/AccelMain.scala,../gen/Tst_test/BlackScholes/log/,../gen/Tst_test/BlackScholes/log/gentst.log,../gen/Tst_test/BlackScholes/pir/out/resource.csv,../gen/Tst_test/BlackScholes/log/maketst.log,../gen/Tst_test/BlackScholes/log/runp2p.log,../gen/Tst_test/BlackScholes/log/runhybrid.log,../gen/Tst_test/BlackScholes/log/p2pstat.log,True,,,29.500029959,,20,20,7,21,33,32,40,40,200,200,,,,,,,,,,,,,,,,,,,,,,,2:09.62,35765,,,False,True,,15.5307,4.47365,0:08.97,,,,False,False,,,,,"12712500 OP, 355.45 GOPS","11912500 OP, 333.08 GOPS","1792500 OP, 50.12 GOPS","6240000 OP, 174.47 GOPS","4680000 OP, 130.85 GOPS","8112500 OP, 226.83 GOPS",True,False,True
481d287,b0af048,2019-10-07 22:10:42,Blur,test,Tst,1000000000.0,../gen/Tst_test/Blur/log/runproute.log,../gen/Tst_test/Blur/log/runproute.sh,../gen/Tst_test/Blur/plastisim/summary.csv,../gen/Tst_test/Blur/pir/AccelMain.scala,../gen/Tst_test/Blur/log/,../gen/Tst_test/Blur/log/gentst.log,../gen/Tst_test/Blur/pir/out/resource.csv,../gen/Tst_test/Blur/log/maketst.log,../gen/Tst_test/Blur/log/runp2p.log,../gen/Tst_test/Blur/log/runhybrid.log,../gen/Tst_test/Blur/log/p2pstat.log,False,[bug] Encountered exception while updating node,,,,,,,,,,,,,,,,,,,,,,,,,,,,,,,,,,,,,,,,False,False,,,,,,,,False,False,,,,,,,,,,,False,False,False
481d287,b0af048,2019-10-07 22:10:42,Break,test,Tst,1000000000.0,../gen/Tst_test/Break/log/runproute.log,../gen/Tst_test/Break/log/runproute.sh,../gen/Tst_test/Break/plastisim/summary.csv,../gen/Tst_test/Break/pir/AccelMain.scala,../gen/Tst_test/Break/log/,../gen/Tst_test/Break/log/gentst.log,../gen/Tst_test/Break/pir/out/resource.csv,../gen/Tst_test/Break/log/maketst.log,../gen/Tst_test/Break/log/runp2p.log,../gen/Tst_test/Break/log/runhybrid.log,../gen/Tst_test/Break/log/p2pstat.log,True,,"[0m[[0m[31merror[0m] [0m[0m(run-main-0) java.lang.StackOverflowError[0m
",,,20,20,4,20,6,2,40,40,200,200,,,,,,,,,,,,,,,,,,,,,,,,,,,False,False,,,,,,,,False,False,,,,,,,,,,,False,False,False
481d287,b0af048,2019-10-07 22:10:42,Breakpoint,test,Tst,1000000000.0,../gen/Tst_test/Breakpoint/log/runproute.log,../gen/Tst_test/Breakpoint/log/runproute.sh,../gen/Tst_test/Breakpoint/plastisim/summary.csv,../gen/Tst_test/Breakpoint/pir/AccelMain.scala,../gen/Tst_test/Breakpoint/log/,../gen/Tst_test/Breakpoint/log/gentst.log,../gen/Tst_test/Breakpoint/pir/out/resource.csv,../gen/Tst_test/Breakpoint/log/maketst.log,../gen/Tst_test/Breakpoint/log/runp2p.log,../gen/Tst_test/Breakpoint/log/runhybrid.log,../gen/Tst_test/Breakpoint/log/p2pstat.log,True,,"[[31merror[0m] Plasticine doesn't support HostIO
",1.33117845,,20,20,,,,,,,,,,,,,,,,,,,,,,,,,,,,,,,,,,,False,False,,,,,,,,False,False,,,,,,,,,,,False,False,False
481d287,b0af048,2019-10-07 22:10:42,Broadcast,test,Tst,1000000000.0,../gen/Tst_test/Broadcast/log/runproute.log,../gen/Tst_test/Broadcast/log/runproute.sh,../gen/Tst_test/Broadcast/plastisim/summary.csv,../gen/Tst_test/Broadcast/pir/AccelMain.scala,../gen/Tst_test/Broadcast/log/,../gen/Tst_test/Broadcast/log/gentst.log,../gen/Tst_test/Broadcast/pir/out/resource.csv,../gen/Tst_test/Broadcast/log/maketst.log,../gen/Tst_test/Broadcast/log/runp2p.log,../gen/Tst_test/Broadcast/log/runhybrid.log,../gen/Tst_test/Broadcast/log/p2pstat.log,True,,,25.236612846,,20,20,3,13,3,4,40,40,200,200,,,,,,,,,,,,,,,,,,,,,,,0:40.20,1627,,,False,True,,1.25876,0.629379,0:00.65,,,,False,False,,,,,"55696 OP, 34.23 GOPS","10896 OP, 6.70 GOPS","26000 OP, 15.98 GOPS",,"29696 OP, 18.25 GOPS","10896 OP, 6.70 GOPS",True,False,True
481d287,b0af048,2019-10-07 22:10:42,BroadcastRandom,test,Tst,1000000000.0,../gen/Tst_test/BroadcastRandom/log/runproute.log,../gen/Tst_test/BroadcastRandom/log/runproute.sh,../gen/Tst_test/BroadcastRandom/plastisim/summary.csv,../gen/Tst_test/BroadcastRandom/pir/AccelMain.scala,../gen/Tst_test/BroadcastRandom/log/,../gen/Tst_test/BroadcastRandom/log/gentst.log,../gen/Tst_test/BroadcastRandom/pir/out/resource.csv,../gen/Tst_test/BroadcastRandom/log/maketst.log,../gen/Tst_test/BroadcastRandom/log/runp2p.log,../gen/Tst_test/BroadcastRandom/log/runhybrid.log,../gen/Tst_test/BroadcastRandom/log/p2pstat.log,False,[bug] Encountered exception while updating node,,,,,,,,,,,,,,,,,,,,,,,,,,,,,,,,,,,,,,,,False,False,,,,,,,,False,False,,,,,,,,,,,False,False,False
481d287,b0af048,2019-10-07 22:10:42,BroadcastStressTest,test,Tst,1000000000.0,../gen/Tst_test/BroadcastStressTest/log/runproute.log,../gen/Tst_test/BroadcastStressTest/log/runproute.sh,../gen/Tst_test/BroadcastStressTest/plastisim/summary.csv,../gen/Tst_test/BroadcastStressTest/pir/AccelMain.scala,../gen/Tst_test/BroadcastStressTest/log/,../gen/Tst_test/BroadcastStressTest/log/gentst.log,../gen/Tst_test/BroadcastStressTest/pir/out/resource.csv,../gen/Tst_test/BroadcastStressTest/log/maketst.log,../gen/Tst_test/BroadcastStressTest/log/runp2p.log,../gen/Tst_test/BroadcastStressTest/log/runhybrid.log,../gen/Tst_test/BroadcastStressTest/log/p2pstat.log,False,[error] //TODO: Plasticine does not support unbanked unrolled access at the moment. ,,,,,,,,,,,,,,,,,,,,,,,,,,,,,,,,,,,,,,,,False,False,,,,,,,,False,False,,,,,,,,,,,False,False,False
481d287,b0af048,2019-10-07 22:10:42,BufferHazard,test,Tst,1000000000.0,../gen/Tst_test/BufferHazard/log/runproute.log,../gen/Tst_test/BufferHazard/log/runproute.sh,../gen/Tst_test/BufferHazard/plastisim/summary.csv,../gen/Tst_test/BufferHazard/pir/AccelMain.scala,../gen/Tst_test/BufferHazard/log/,../gen/Tst_test/BufferHazard/log/gentst.log,../gen/Tst_test/BufferHazard/pir/out/resource.csv,../gen/Tst_test/BufferHazard/log/maketst.log,../gen/Tst_test/BufferHazard/log/runp2p.log,../gen/Tst_test/BufferHazard/log/runhybrid.log,../gen/Tst_test/BufferHazard/log/p2pstat.log,True,,,25.008483811,,20,20,2,14,5,1,40,40,200,200,,,,,,,,,,,,,,,,,,,,,,,0:43.53,1266,,True,False,True,,0.454976,0.404423,0:00.42,,,,False,False,,,,,"8640 OP, 6.82 GOPS","3856 OP, 3.05 GOPS","6144 OP, 4.85 GOPS",,"2496 OP, 1.97 GOPS","3856 OP, 3.05 GOPS",True,False,True
481d287,b0af048,2019-10-07 22:10:42,BufferRecalc,test,Tst,1000000000.0,../gen/Tst_test/BufferRecalc/log/runproute.log,../gen/Tst_test/BufferRecalc/log/runproute.sh,../gen/Tst_test/BufferRecalc/plastisim/summary.csv,../gen/Tst_test/BufferRecalc/pir/AccelMain.scala,../gen/Tst_test/BufferRecalc/log/,../gen/Tst_test/BufferRecalc/log/gentst.log,../gen/Tst_test/BufferRecalc/pir/out/resource.csv,../gen/Tst_test/BufferRecalc/log/maketst.log,../gen/Tst_test/BufferRecalc/log/runp2p.log,../gen/Tst_test/BufferRecalc/log/runhybrid.log,../gen/Tst_test/BufferRecalc/log/p2pstat.log,True,,,10.507980329,,20,20,1,4,1,0,40,40,200,200,,,,,,,,,,,,,,,,,,,,,,,0:31.07,118,,,False,True,,0.0,1.08475,0:00.43,,,,False,False,,,,,,,,,,,True,False,True
481d287,b0af048,2019-10-07 22:10:42,BufferedWrite,test,Tst,1000000000.0,../gen/Tst_test/BufferedWrite/log/runproute.log,../gen/Tst_test/BufferedWrite/log/runproute.sh,../gen/Tst_test/BufferedWrite/plastisim/summary.csv,../gen/Tst_test/BufferedWrite/pir/AccelMain.scala,../gen/Tst_test/BufferedWrite/log/,../gen/Tst_test/BufferedWrite/log/gentst.log,../gen/Tst_test/BufferedWrite/pir/out/resource.csv,../gen/Tst_test/BufferedWrite/log/maketst.log,../gen/Tst_test/BufferedWrite/log/runp2p.log,../gen/Tst_test/BufferedWrite/log/runhybrid.log,../gen/Tst_test/BufferedWrite/log/p2pstat.log,True,,"[0m[[0m[31merror[0m] [0m[0m/home/yaqiz/pldi20/spatial/gen/Tst_test/BufferedWrite/pir/AccelMain.scala:94:29: not found: value RegReset[0m
",,,,,,,,,,,,,,,,,,,,,,,,,,,,,,,,,,,,,,,False,False,,,,,,,,False,False,,,,,,,,,,,False,False,False
481d287,b0af048,2019-10-07 22:10:42,BufferedWrite2,test,Tst,1000000000.0,../gen/Tst_test/BufferedWrite2/log/runproute.log,../gen/Tst_test/BufferedWrite2/log/runproute.sh,../gen/Tst_test/BufferedWrite2/plastisim/summary.csv,../gen/Tst_test/BufferedWrite2/pir/AccelMain.scala,../gen/Tst_test/BufferedWrite2/log/,../gen/Tst_test/BufferedWrite2/log/gentst.log,../gen/Tst_test/BufferedWrite2/pir/out/resource.csv,../gen/Tst_test/BufferedWrite2/log/maketst.log,../gen/Tst_test/BufferedWrite2/log/runp2p.log,../gen/Tst_test/BufferedWrite2/log/runhybrid.log,../gen/Tst_test/BufferedWrite2/log/p2pstat.log,True,,,14.328449692,,20,20,3,8,3,0,40,40,200,200,,,,,,,,,,,,,,,,,,,,,,,0:43.83,3887,,True,False,True,,0.395163,0.987908,0:00.66,,,,False,False,,,,,"3003 OP, 0.77 GOPS","2988 OP, 0.77 GOPS","3003 OP, 0.77 GOPS",,,"2988 OP, 0.77 GOPS",True,False,True
481d287,b0af048,2019-10-07 22:10:42,CLITest,test,Tst,1000000000.0,../gen/Tst_test/CLITest/log/runproute.log,../gen/Tst_test/CLITest/log/runproute.sh,../gen/Tst_test/CLITest/plastisim/summary.csv,../gen/Tst_test/CLITest/pir/AccelMain.scala,../gen/Tst_test/CLITest/log/,../gen/Tst_test/CLITest/log/gentst.log,../gen/Tst_test/CLITest/pir/out/resource.csv,../gen/Tst_test/CLITest/log/maketst.log,../gen/Tst_test/CLITest/log/runp2p.log,../gen/Tst_test/CLITest/log/runhybrid.log,../gen/Tst_test/CLITest/log/p2pstat.log,True,,,6.564893139,,20,20,0,0,0,0,40,40,200,200,,,,,,,,,,,,,,,,,,,,,,,0:17.02,,,,False,False,,,,0:00.00,,,,False,False,,,,,,,,,,,False,False,False
481d287,b0af048,2019-10-07 22:10:42,CSVFileIO,test,Tst,1000000000.0,../gen/Tst_test/CSVFileIO/log/runproute.log,../gen/Tst_test/CSVFileIO/log/runproute.sh,../gen/Tst_test/CSVFileIO/plastisim/summary.csv,../gen/Tst_test/CSVFileIO/pir/AccelMain.scala,../gen/Tst_test/CSVFileIO/log/,../gen/Tst_test/CSVFileIO/log/gentst.log,../gen/Tst_test/CSVFileIO/pir/out/resource.csv,../gen/Tst_test/CSVFileIO/log/maketst.log,../gen/Tst_test/CSVFileIO/log/runp2p.log,../gen/Tst_test/CSVFileIO/log/runhybrid.log,../gen/Tst_test/CSVFileIO/log/p2pstat.log,True,,,6.20813618,,20,20,0,0,0,0,40,40,200,200,,,,,,,,,,,,,,,,,,,,,,,0:28.29,1,,,False,True,,0.0,0.0,0:00.57,,,,False,False,,,,,,,,,,,True,False,True
481d287,b0af048,2019-10-07 22:10:42,CatTest,test,Tst,1000000000.0,../gen/Tst_test/CatTest/log/runproute.log,../gen/Tst_test/CatTest/log/runproute.sh,../gen/Tst_test/CatTest/plastisim/summary.csv,../gen/Tst_test/CatTest/pir/AccelMain.scala,../gen/Tst_test/CatTest/log/,../gen/Tst_test/CatTest/log/gentst.log,../gen/Tst_test/CatTest/pir/out/resource.csv,../gen/Tst_test/CatTest/log/maketst.log,../gen/Tst_test/CatTest/log/runp2p.log,../gen/Tst_test/CatTest/log/runhybrid.log,../gen/Tst_test/CatTest/log/p2pstat.log,True,,,,,,,,,,,,,,,,,,,,,,,,,,,,,,,,,,,,,,,,,False,False,,,,,,,,False,False,,,,,,,,,,,False,False,False
481d287,b0af048,2019-10-07 22:10:42,ChangingCtrBounds,test,Tst,1000000000.0,../gen/Tst_test/ChangingCtrBounds/log/runproute.log,../gen/Tst_test/ChangingCtrBounds/log/runproute.sh,../gen/Tst_test/ChangingCtrBounds/plastisim/summary.csv,../gen/Tst_test/ChangingCtrBounds/pir/AccelMain.scala,../gen/Tst_test/ChangingCtrBounds/log/,../gen/Tst_test/ChangingCtrBounds/log/gentst.log,../gen/Tst_test/ChangingCtrBounds/pir/out/resource.csv,../gen/Tst_test/ChangingCtrBounds/log/maketst.log,../gen/Tst_test/ChangingCtrBounds/log/runp2p.log,../gen/Tst_test/ChangingCtrBounds/log/runhybrid.log,../gen/Tst_test/ChangingCtrBounds/log/p2pstat.log,True,,,17.810255782,,20,20,2,17,3,0,40,40,200,200,,,,,,,,,,,,,,,,,,,,,,,0:47.42,644,,,False,True,,0.198758,1.59006,0:00.49,,,,False,False,,,,,"6064 OP, 9.42 GOPS","2304 OP, 3.58 GOPS","3968 OP, 6.16 GOPS",,"2096 OP, 3.25 GOPS","2304 OP, 3.58 GOPS",True,False,True
481d287,b0af048,2019-10-07 22:10:42,ChangingCtrMax,test,Tst,1000000000.0,../gen/Tst_test/ChangingCtrMax/log/runproute.log,../gen/Tst_test/ChangingCtrMax/log/runproute.sh,../gen/Tst_test/ChangingCtrMax/plastisim/summary.csv,../gen/Tst_test/ChangingCtrMax/pir/AccelMain.scala,../gen/Tst_test/ChangingCtrMax/log/,../gen/Tst_test/ChangingCtrMax/log/gentst.log,../gen/Tst_test/ChangingCtrMax/pir/out/resource.csv,../gen/Tst_test/ChangingCtrMax/log/maketst.log,../gen/Tst_test/ChangingCtrMax/log/runp2p.log,../gen/Tst_test/ChangingCtrMax/log/runhybrid.log,../gen/Tst_test/ChangingCtrMax/log/p2pstat.log,True,,,13.487431761,,20,20,1,4,1,1,40,40,200,200,,,,,,,,,,,,,,,,,,,,,,,0:34.88,163,,,False,True,,0.0,0.392638,0:00.42,,,,False,False,,,,,"786 OP, 4.82 GOPS","153 OP, 0.94 GOPS","153 OP, 0.94 GOPS",,"633 OP, 3.88 GOPS","153 OP, 0.94 GOPS",True,False,True
481d287,b0af048,2019-10-07 22:10:42,ChangingCtrMax2,test,Tst,1000000000.0,../gen/Tst_test/ChangingCtrMax2/log/runproute.log,../gen/Tst_test/ChangingCtrMax2/log/runproute.sh,../gen/Tst_test/ChangingCtrMax2/plastisim/summary.csv,../gen/Tst_test/ChangingCtrMax2/pir/AccelMain.scala,../gen/Tst_test/ChangingCtrMax2/log/,../gen/Tst_test/ChangingCtrMax2/log/gentst.log,../gen/Tst_test/ChangingCtrMax2/pir/out/resource.csv,../gen/Tst_test/ChangingCtrMax2/log/maketst.log,../gen/Tst_test/ChangingCtrMax2/log/runp2p.log,../gen/Tst_test/ChangingCtrMax2/log/runhybrid.log,../gen/Tst_test/ChangingCtrMax2/log/p2pstat.log,True,,"[[31merror[0m] Failed passes: 08-RewriteTransformer
",4.366986198,,20,20,,,,,,,,,,,,,,,,,,,,,,,,,,,,,,,,,,,False,False,,,,,,,,False,False,,,,,,,,,,,False,False,False
481d287,b0af048,2019-10-07 22:10:42,CompactingFIFO,test,Tst,1000000000.0,../gen/Tst_test/CompactingFIFO/log/runproute.log,../gen/Tst_test/CompactingFIFO/log/runproute.sh,../gen/Tst_test/CompactingFIFO/plastisim/summary.csv,../gen/Tst_test/CompactingFIFO/pir/AccelMain.scala,../gen/Tst_test/CompactingFIFO/log/,../gen/Tst_test/CompactingFIFO/log/gentst.log,../gen/Tst_test/CompactingFIFO/pir/out/resource.csv,../gen/Tst_test/CompactingFIFO/log/maketst.log,../gen/Tst_test/CompactingFIFO/log/runp2p.log,../gen/Tst_test/CompactingFIFO/log/runhybrid.log,../gen/Tst_test/CompactingFIFO/log/p2pstat.log,True,,,12.207747358,,20,20,2,5,1,2,40,40,200,200,,,,,,,,,,,,,,,,,,,,,,,0:38.88,10865,"Assertion fail:
",,True,False,,0.235619,0.111919,0:00.71,,,,False,False,,,,,,,,,,,False,False,False
481d287,b0af048,2019-10-07 22:10:42,ComplicatedMuxPort,test,Tst,1000000000.0,../gen/Tst_test/ComplicatedMuxPort/log/runproute.log,../gen/Tst_test/ComplicatedMuxPort/log/runproute.sh,../gen/Tst_test/ComplicatedMuxPort/plastisim/summary.csv,../gen/Tst_test/ComplicatedMuxPort/pir/AccelMain.scala,../gen/Tst_test/ComplicatedMuxPort/log/,../gen/Tst_test/ComplicatedMuxPort/log/gentst.log,../gen/Tst_test/ComplicatedMuxPort/pir/out/resource.csv,../gen/Tst_test/ComplicatedMuxPort/log/maketst.log,../gen/Tst_test/ComplicatedMuxPort/log/runp2p.log,../gen/Tst_test/ComplicatedMuxPort/log/runhybrid.log,../gen/Tst_test/ComplicatedMuxPort/log/p2pstat.log,True,,,16.739714758,,20,20,1,6,1,2,40,40,200,200,,,,,,,,,,,,,,,,,,,,,,,0:36.97,2920,,,False,True,,0.0,3.50685,0:00.57,,,,False,False,,,,,"48480 OP, 16.60 GOPS","15200 OP, 5.21 GOPS","25440 OP, 8.71 GOPS",,"23040 OP, 7.89 GOPS","15200 OP, 5.21 GOPS",True,False,True
481d287,b0af048,2019-10-07 22:10:42,ControlEnable,test,Tst,1000000000.0,../gen/Tst_test/ControlEnable/log/runproute.log,../gen/Tst_test/ControlEnable/log/runproute.sh,../gen/Tst_test/ControlEnable/plastisim/summary.csv,../gen/Tst_test/ControlEnable/pir/AccelMain.scala,../gen/Tst_test/ControlEnable/log/,../gen/Tst_test/ControlEnable/log/gentst.log,../gen/Tst_test/ControlEnable/pir/out/resource.csv,../gen/Tst_test/ControlEnable/log/maketst.log,../gen/Tst_test/ControlEnable/log/runp2p.log,../gen/Tst_test/ControlEnable/log/runhybrid.log,../gen/Tst_test/ControlEnable/log/p2pstat.log,True,,,18.506265098,,20,20,4,12,1,0,40,40,200,200,,,,,,,,,,,,,,,,,,,,,,,0:41.11,10175,"Assertion fail:
",,True,False,,0.0503194,0.0,0:00.85,,,,False,False,,,,,,,,,,,False,False,False
481d287,b0af048,2019-10-07 22:10:42,Convolution,test,Tst,1000000000.0,../gen/Tst_test/Convolution/log/runproute.log,../gen/Tst_test/Convolution/log/runproute.sh,../gen/Tst_test/Convolution/plastisim/summary.csv,../gen/Tst_test/Convolution/pir/AccelMain.scala,../gen/Tst_test/Convolution/log/,../gen/Tst_test/Convolution/log/gentst.log,../gen/Tst_test/Convolution/pir/out/resource.csv,../gen/Tst_test/Convolution/log/maketst.log,../gen/Tst_test/Convolution/log/runp2p.log,../gen/Tst_test/Convolution/log/runhybrid.log,../gen/Tst_test/Convolution/log/p2pstat.log,True,,,112.804875794,,20,20,11,40,73,62,40,40,200,200,,,,,,,,,,,,,,,,,,,,,,,10:45.60,391543,,True,False,True,,0.193859,0.0104612,2:46.78,,,,False,False,,,,,"13564896 OP, 34.64 GOPS","2079424 OP, 5.31 GOPS","4029920 OP, 10.29 GOPS",,"9534976 OP, 24.35 GOPS","2079424 OP, 5.31 GOPS",True,False,True
481d287,b0af048,2019-10-07 22:10:42,ConvolutionFlat,test,Tst,1000000000.0,../gen/Tst_test/ConvolutionFlat/log/runproute.log,../gen/Tst_test/ConvolutionFlat/log/runproute.sh,../gen/Tst_test/ConvolutionFlat/plastisim/summary.csv,../gen/Tst_test/ConvolutionFlat/pir/AccelMain.scala,../gen/Tst_test/ConvolutionFlat/log/,../gen/Tst_test/ConvolutionFlat/log/gentst.log,../gen/Tst_test/ConvolutionFlat/pir/out/resource.csv,../gen/Tst_test/ConvolutionFlat/log/maketst.log,../gen/Tst_test/ConvolutionFlat/log/runp2p.log,../gen/Tst_test/ConvolutionFlat/log/runhybrid.log,../gen/Tst_test/ConvolutionFlat/log/p2pstat.log,True,,"[[31merror[0m] Failed passes: 53-RuntimeAnalyzer
",90.840532878,,20,20,11,40,77,68,40,40,200,200,,,,,,,,,,,,,,,,,,,,,,,,,,,False,False,,,,,,,,False,False,,,,,,,,,,,False,False,False
481d287,b0af048,2019-10-07 22:10:42,ConvolutionFlatSRAM,test,Tst,1000000000.0,../gen/Tst_test/ConvolutionFlatSRAM/log/runproute.log,../gen/Tst_test/ConvolutionFlatSRAM/log/runproute.sh,../gen/Tst_test/ConvolutionFlatSRAM/plastisim/summary.csv,../gen/Tst_test/ConvolutionFlatSRAM/pir/AccelMain.scala,../gen/Tst_test/ConvolutionFlatSRAM/log/,../gen/Tst_test/ConvolutionFlatSRAM/log/gentst.log,../gen/Tst_test/ConvolutionFlatSRAM/pir/out/resource.csv,../gen/Tst_test/ConvolutionFlatSRAM/log/maketst.log,../gen/Tst_test/ConvolutionFlatSRAM/log/runp2p.log,../gen/Tst_test/ConvolutionFlatSRAM/log/runhybrid.log,../gen/Tst_test/ConvolutionFlatSRAM/log/p2pstat.log,True,,"[[31merror[0m] Failed passes: 53-RuntimeAnalyzer
",84.74487991,,20,20,11,40,79,67,40,40,200,200,,,,,,,,,,,,,,,,,,,,,,,,,,,False,False,,,,,,,,False,False,,,,,,,,,,,False,False,False
481d287,b0af048,2019-10-07 22:10:42,ConvolutionStream,test,Tst,1000000000.0,../gen/Tst_test/ConvolutionStream/log/runproute.log,../gen/Tst_test/ConvolutionStream/log/runproute.sh,../gen/Tst_test/ConvolutionStream/plastisim/summary.csv,../gen/Tst_test/ConvolutionStream/pir/AccelMain.scala,../gen/Tst_test/ConvolutionStream/log/,../gen/Tst_test/ConvolutionStream/log/gentst.log,../gen/Tst_test/ConvolutionStream/pir/out/resource.csv,../gen/Tst_test/ConvolutionStream/log/maketst.log,../gen/Tst_test/ConvolutionStream/log/runp2p.log,../gen/Tst_test/ConvolutionStream/log/runhybrid.log,../gen/Tst_test/ConvolutionStream/log/p2pstat.log,True,,,112.967370652,,20,20,11,40,72,66,40,40,200,200,,,,,,,,,,,,,,,,,,,,,,,16:23.17,258383,,True,False,True,,0.214503,0.0158524,3:21.52,,,,False,False,,,,,"13564448 OP, 52.50 GOPS","2079552 OP, 8.05 GOPS","4030496 OP, 15.60 GOPS",,"9533952 OP, 36.90 GOPS","2079552 OP, 8.05 GOPS",True,False,True
481d287,b0af048,2019-10-07 22:10:42,ConvolutionStreamFlat,test,Tst,1000000000.0,../gen/Tst_test/ConvolutionStreamFlat/log/runproute.log,../gen/Tst_test/ConvolutionStreamFlat/log/runproute.sh,../gen/Tst_test/ConvolutionStreamFlat/plastisim/summary.csv,../gen/Tst_test/ConvolutionStreamFlat/pir/AccelMain.scala,../gen/Tst_test/ConvolutionStreamFlat/log/,../gen/Tst_test/ConvolutionStreamFlat/log/gentst.log,../gen/Tst_test/ConvolutionStreamFlat/pir/out/resource.csv,../gen/Tst_test/ConvolutionStreamFlat/log/maketst.log,../gen/Tst_test/ConvolutionStreamFlat/log/runp2p.log,../gen/Tst_test/ConvolutionStreamFlat/log/runhybrid.log,../gen/Tst_test/ConvolutionStreamFlat/log/p2pstat.log,True,,"[[31merror[0m] Failed passes: 53-RuntimeAnalyzer
",82.980965225,,20,20,11,40,78,68,40,40,200,200,,,,,,,,,,,,,,,,,,,,,,,,,,,False,False,,,,,,,,False,False,,,,,,,,,,,False,False,False
481d287,b0af048,2019-10-07 22:10:42,ConvolutionStreamReclaim,test,Tst,1000000000.0,../gen/Tst_test/ConvolutionStreamReclaim/log/runproute.log,../gen/Tst_test/ConvolutionStreamReclaim/log/runproute.sh,../gen/Tst_test/ConvolutionStreamReclaim/plastisim/summary.csv,../gen/Tst_test/ConvolutionStreamReclaim/pir/AccelMain.scala,../gen/Tst_test/ConvolutionStreamReclaim/log/,../gen/Tst_test/ConvolutionStreamReclaim/log/gentst.log,../gen/Tst_test/ConvolutionStreamReclaim/pir/out/resource.csv,../gen/Tst_test/ConvolutionStreamReclaim/log/maketst.log,../gen/Tst_test/ConvolutionStreamReclaim/log/runp2p.log,../gen/Tst_test/ConvolutionStreamReclaim/log/runhybrid.log,../gen/Tst_test/ConvolutionStreamReclaim/log/p2pstat.log,True,,"[[31merror[0m] TODO: Do not support multiple writers to FIFO on Plasticine yet FIFO148[x2040]: f_0 Convolutions.scala:850:58
",13.934121846,,20,20,,,,,,,,,,,,,,,,,,,,,,,,,,,,,,,,,,,False,False,,,,,,,,False,False,,,,,,,,,,,False,False,False
481d287,b0af048,2019-10-07 22:10:42,ConvolutionStreamReclaimFlat,test,Tst,1000000000.0,../gen/Tst_test/ConvolutionStreamReclaimFlat/log/runproute.log,../gen/Tst_test/ConvolutionStreamReclaimFlat/log/runproute.sh,../gen/Tst_test/ConvolutionStreamReclaimFlat/plastisim/summary.csv,../gen/Tst_test/ConvolutionStreamReclaimFlat/pir/AccelMain.scala,../gen/Tst_test/ConvolutionStreamReclaimFlat/log/,../gen/Tst_test/ConvolutionStreamReclaimFlat/log/gentst.log,../gen/Tst_test/ConvolutionStreamReclaimFlat/pir/out/resource.csv,../gen/Tst_test/ConvolutionStreamReclaimFlat/log/maketst.log,../gen/Tst_test/ConvolutionStreamReclaimFlat/log/runp2p.log,../gen/Tst_test/ConvolutionStreamReclaimFlat/log/runhybrid.log,../gen/Tst_test/ConvolutionStreamReclaimFlat/log/p2pstat.log,True,,"[[31merror[0m] TODO: Do not support multiple writers to FIFO on Plasticine yet FIFO146[x2064] Convolutions.scala:988:58
",11.605804736,,20,20,,,,,,,,,,,,,,,,,,,,,,,,,,,,,,,,,,,False,False,,,,,,,,False,False,,,,,,,,,,,False,False,False
481d287,b0af048,2019-10-07 22:10:42,Convolution_FPGA,test,Tst,1000000000.0,../gen/Tst_test/Convolution_FPGA/log/runproute.log,../gen/Tst_test/Convolution_FPGA/log/runproute.sh,../gen/Tst_test/Convolution_FPGA/plastisim/summary.csv,../gen/Tst_test/Convolution_FPGA/pir/AccelMain.scala,../gen/Tst_test/Convolution_FPGA/log/,../gen/Tst_test/Convolution_FPGA/log/gentst.log,../gen/Tst_test/Convolution_FPGA/pir/out/resource.csv,../gen/Tst_test/Convolution_FPGA/log/maketst.log,../gen/Tst_test/Convolution_FPGA/log/runp2p.log,../gen/Tst_test/Convolution_FPGA/log/runhybrid.log,../gen/Tst_test/Convolution_FPGA/log/p2pstat.log,True,,"[0m[[0m[31merror[0m] [0m[0m/home/yaqiz/pldi20/spatial/gen/Tst_test/Convolution_FPGA/pir/AccelMain.scala:135:29: not found: value x514[0m
",,,,,,,,,,,,,,,,,,,,,,,,,,,,,,,,,,,,,,,False,False,,,,,,,,False,False,,,,,,,,,,,False,False,False
481d287,b0af048,2019-10-07 22:10:42,Convolution_FPGA2,test,Tst,1000000000.0,../gen/Tst_test/Convolution_FPGA2/log/runproute.log,../gen/Tst_test/Convolution_FPGA2/log/runproute.sh,../gen/Tst_test/Convolution_FPGA2/plastisim/summary.csv,../gen/Tst_test/Convolution_FPGA2/pir/AccelMain.scala,../gen/Tst_test/Convolution_FPGA2/log/,../gen/Tst_test/Convolution_FPGA2/log/gentst.log,../gen/Tst_test/Convolution_FPGA2/pir/out/resource.csv,../gen/Tst_test/Convolution_FPGA2/log/maketst.log,../gen/Tst_test/Convolution_FPGA2/log/runp2p.log,../gen/Tst_test/Convolution_FPGA2/log/runhybrid.log,../gen/Tst_test/Convolution_FPGA2/log/p2pstat.log,True,,"[0m[[0m[31merror[0m] [0m[0m/home/yaqiz/pldi20/spatial/gen/Tst_test/Convolution_FPGA2/pir/AccelMain.scala:144:29: not found: value x608[0m
",,,,,,,,,,,,,,,,,,,,,,,,,,,,,,,,,,,,,,,False,False,,,,,,,,False,False,,,,,,,,,,,False,False,False
481d287,b0af048,2019-10-07 22:10:42,Convolutions,test,Tst,1000000000.0,../gen/Tst_test/Convolutions/log/runproute.log,../gen/Tst_test/Convolutions/log/runproute.sh,../gen/Tst_test/Convolutions/plastisim/summary.csv,../gen/Tst_test/Convolutions/pir/AccelMain.scala,../gen/Tst_test/Convolutions/log/,../gen/Tst_test/Convolutions/log/gentst.log,../gen/Tst_test/Convolutions/pir/out/resource.csv,../gen/Tst_test/Convolutions/log/maketst.log,../gen/Tst_test/Convolutions/log/runp2p.log,../gen/Tst_test/Convolutions/log/runhybrid.log,../gen/Tst_test/Convolutions/log/p2pstat.log,True,,,47.185592922,,20,20,6,32,12,23,40,40,200,200,,,,,,,,,,,,,,,,,,,,,,,2:43.95,553183,,True,False,True,,5.19501,0.00462776,2:02.74,,,,False,False,,,,,"14557320 OP, 26.32 GOPS","3292040 OP, 5.95 GOPS","4730376 OP, 8.55 GOPS",,"9826944 OP, 17.76 GOPS","3292040 OP, 5.95 GOPS",True,False,True
481d287,b0af048,2019-10-07 22:10:42,CounterRemovalOnRewrite,test,Tst,1000000000.0,../gen/Tst_test/CounterRemovalOnRewrite/log/runproute.log,../gen/Tst_test/CounterRemovalOnRewrite/log/runproute.sh,../gen/Tst_test/CounterRemovalOnRewrite/plastisim/summary.csv,../gen/Tst_test/CounterRemovalOnRewrite/pir/AccelMain.scala,../gen/Tst_test/CounterRemovalOnRewrite/log/,../gen/Tst_test/CounterRemovalOnRewrite/log/gentst.log,../gen/Tst_test/CounterRemovalOnRewrite/pir/out/resource.csv,../gen/Tst_test/CounterRemovalOnRewrite/log/maketst.log,../gen/Tst_test/CounterRemovalOnRewrite/log/runp2p.log,../gen/Tst_test/CounterRemovalOnRewrite/log/runhybrid.log,../gen/Tst_test/CounterRemovalOnRewrite/log/p2pstat.log,True,,,5.799370668,,20,20,0,0,0,0,40,40,200,200,,,,,,,,,,,,,,,,,,,,,,,0:25.58,1,,,False,True,,0.0,0.0,0:00.46,,,,False,False,,,,,,,,,,,True,False,True
481d287,b0af048,2019-10-07 22:10:42,CounterRemovalOnUnroll,test,Tst,1000000000.0,../gen/Tst_test/CounterRemovalOnUnroll/log/runproute.log,../gen/Tst_test/CounterRemovalOnUnroll/log/runproute.sh,../gen/Tst_test/CounterRemovalOnUnroll/plastisim/summary.csv,../gen/Tst_test/CounterRemovalOnUnroll/pir/AccelMain.scala,../gen/Tst_test/CounterRemovalOnUnroll/log/,../gen/Tst_test/CounterRemovalOnUnroll/log/gentst.log,../gen/Tst_test/CounterRemovalOnUnroll/pir/out/resource.csv,../gen/Tst_test/CounterRemovalOnUnroll/log/maketst.log,../gen/Tst_test/CounterRemovalOnUnroll/log/runp2p.log,../gen/Tst_test/CounterRemovalOnUnroll/log/runhybrid.log,../gen/Tst_test/CounterRemovalOnUnroll/log/p2pstat.log,True,,,8.285187981,,20,20,0,1,1,0,40,40,200,200,,,,,,,,,,,,,,,,,,,,,,,0:32.00,32,,,False,True,,0.0,0.0,0:00.49,,,,False,False,,,,,"20 OP, 0.62 GOPS","3 OP, 0.09 GOPS","3 OP, 0.09 GOPS",,"17 OP, 0.53 GOPS","3 OP, 0.09 GOPS",True,False,True
481d287,b0af048,2019-10-07 22:10:42,CrossRead,test,Tst,1000000000.0,../gen/Tst_test/CrossRead/log/runproute.log,../gen/Tst_test/CrossRead/log/runproute.sh,../gen/Tst_test/CrossRead/plastisim/summary.csv,../gen/Tst_test/CrossRead/pir/AccelMain.scala,../gen/Tst_test/CrossRead/log/,../gen/Tst_test/CrossRead/log/gentst.log,../gen/Tst_test/CrossRead/pir/out/resource.csv,../gen/Tst_test/CrossRead/log/maketst.log,../gen/Tst_test/CrossRead/log/runp2p.log,../gen/Tst_test/CrossRead/log/runhybrid.log,../gen/Tst_test/CrossRead/log/p2pstat.log,True,,"[[31merror[0m] Failed passes: 04-GraphInitialization
",3.2986465,,20,20,,,,,,,,,,,,,,,,,,,,,,,,,,,,,,,,,,,False,False,,,,,,,,False,False,,,,,,,,,,,False,False,False
481d287,b0af048,2019-10-07 22:10:42,CtrCopyChunking,test,Tst,1000000000.0,../gen/Tst_test/CtrCopyChunking/log/runproute.log,../gen/Tst_test/CtrCopyChunking/log/runproute.sh,../gen/Tst_test/CtrCopyChunking/plastisim/summary.csv,../gen/Tst_test/CtrCopyChunking/pir/AccelMain.scala,../gen/Tst_test/CtrCopyChunking/log/,../gen/Tst_test/CtrCopyChunking/log/gentst.log,../gen/Tst_test/CtrCopyChunking/pir/out/resource.csv,../gen/Tst_test/CtrCopyChunking/log/maketst.log,../gen/Tst_test/CtrCopyChunking/log/runp2p.log,../gen/Tst_test/CtrCopyChunking/log/runhybrid.log,../gen/Tst_test/CtrCopyChunking/log/p2pstat.log,True,,,15.144697062,,20,20,0,0,0,0,40,40,200,200,,,,,,,,,,,,,,,,,,,,,,,0:21.86,1,,,False,True,,0.0,0.0,0:00.38,,,,False,False,,,,,,,,,,,True,False,True
481d287,b0af048,2019-10-07 22:10:42,Cyclic1D,test,Tst,1000000000.0,../gen/Tst_test/Cyclic1D/log/runproute.log,../gen/Tst_test/Cyclic1D/log/runproute.sh,../gen/Tst_test/Cyclic1D/plastisim/summary.csv,../gen/Tst_test/Cyclic1D/pir/AccelMain.scala,../gen/Tst_test/Cyclic1D/log/,../gen/Tst_test/Cyclic1D/log/gentst.log,../gen/Tst_test/Cyclic1D/pir/out/resource.csv,../gen/Tst_test/Cyclic1D/log/maketst.log,../gen/Tst_test/Cyclic1D/log/runp2p.log,../gen/Tst_test/Cyclic1D/log/runhybrid.log,../gen/Tst_test/Cyclic1D/log/p2pstat.log,True,,,20.808054593,,20,20,0,3,2,21,40,40,200,200,,,,,,,,,,,,,,,,,,,,,,,0:44.13,,"[0;31mCaught exception on cycle 53: /DUT/Top/SRAM10/SRAM10_b0/SRAM10_b0_k0: SRAM write out of range write_addr:15 N:15[0m
",,False,False,,0.0,0.0,0:00.50,,,,False,False,,,,,,,,,,,False,False,False
481d287,b0af048,2019-10-07 22:10:42,DRAMAccelTest,test,Tst,1000000000.0,../gen/Tst_test/DRAMAccelTest/log/runproute.log,../gen/Tst_test/DRAMAccelTest/log/runproute.sh,../gen/Tst_test/DRAMAccelTest/plastisim/summary.csv,../gen/Tst_test/DRAMAccelTest/pir/AccelMain.scala,../gen/Tst_test/DRAMAccelTest/log/,../gen/Tst_test/DRAMAccelTest/log/gentst.log,../gen/Tst_test/DRAMAccelTest/pir/out/resource.csv,../gen/Tst_test/DRAMAccelTest/log/maketst.log,../gen/Tst_test/DRAMAccelTest/log/runp2p.log,../gen/Tst_test/DRAMAccelTest/log/runhybrid.log,../gen/Tst_test/DRAMAccelTest/log/p2pstat.log,True,,"[0m[[0m[31merror[0m] [0m[0m/home/yaqiz/pldi20/spatial/gen/Tst_test/DRAMAccelTest/pir/AccelMain.scala:122:41: not found: value x228[0m
",,,,,,,,,,,,,,,,,,,,,,,,,,,,,,,,,,,,,,,False,False,,,,,,,,False,False,,,,,,,,,,,False,False,False
481d287,b0af048,2019-10-07 22:10:42,DRAMBits,test,Tst,1000000000.0,../gen/Tst_test/DRAMBits/log/runproute.log,../gen/Tst_test/DRAMBits/log/runproute.sh,../gen/Tst_test/DRAMBits/plastisim/summary.csv,../gen/Tst_test/DRAMBits/pir/AccelMain.scala,../gen/Tst_test/DRAMBits/log/,../gen/Tst_test/DRAMBits/log/gentst.log,../gen/Tst_test/DRAMBits/pir/out/resource.csv,../gen/Tst_test/DRAMBits/log/maketst.log,../gen/Tst_test/DRAMBits/log/runp2p.log,../gen/Tst_test/DRAMBits/log/runhybrid.log,../gen/Tst_test/DRAMBits/log/p2pstat.log,False,[bug] Encountered exception while updating node,,,,,,,,,,,,,,,,,,,,,,,,,,,,,,,,,,,,,,,,False,False,,,,,,,,False,False,,,,,,,,,,,False,False,False
481d287,b0af048,2019-10-07 22:10:42,DRAMBuffer,test,Tst,1000000000.0,../gen/Tst_test/DRAMBuffer/log/runproute.log,../gen/Tst_test/DRAMBuffer/log/runproute.sh,../gen/Tst_test/DRAMBuffer/plastisim/summary.csv,../gen/Tst_test/DRAMBuffer/pir/AccelMain.scala,../gen/Tst_test/DRAMBuffer/log/,../gen/Tst_test/DRAMBuffer/log/gentst.log,../gen/Tst_test/DRAMBuffer/pir/out/resource.csv,../gen/Tst_test/DRAMBuffer/log/maketst.log,../gen/Tst_test/DRAMBuffer/log/runp2p.log,../gen/Tst_test/DRAMBuffer/log/runhybrid.log,../gen/Tst_test/DRAMBuffer/log/p2pstat.log,True,,,15.865356455,,20,20,4,11,4,0,40,40,200,200,,,,,,,,,,,,,,,,,,,,,,,0:41.07,555,"Assertion fail:
",,False,False,,0.230631,3.69009,0:00.63,,,,False,False,,,,,,,,,,,False,False,False
481d287,b0af048,2019-10-07 22:10:42,DRAMRuntime,test,Tst,1000000000.0,../gen/Tst_test/DRAMRuntime/log/runproute.log,../gen/Tst_test/DRAMRuntime/log/runproute.sh,../gen/Tst_test/DRAMRuntime/plastisim/summary.csv,../gen/Tst_test/DRAMRuntime/pir/AccelMain.scala,../gen/Tst_test/DRAMRuntime/log/,../gen/Tst_test/DRAMRuntime/log/gentst.log,../gen/Tst_test/DRAMRuntime/pir/out/resource.csv,../gen/Tst_test/DRAMRuntime/log/maketst.log,../gen/Tst_test/DRAMRuntime/log/runp2p.log,../gen/Tst_test/DRAMRuntime/log/runhybrid.log,../gen/Tst_test/DRAMRuntime/log/p2pstat.log,True,,,18.292531747,,20,20,1,8,1,1,40,40,200,200,,,,,,,,,,,,,,,,,,,,,,,0:39.02,106,,,False,True,,0.603774,0.0,0:00.60,,,,False,False,,,,,"316 OP, 2.98 GOPS","168 OP, 1.58 GOPS","132 OP, 1.25 GOPS",,"184 OP, 1.74 GOPS","168 OP, 1.58 GOPS",True,False,True
481d287,b0af048,2019-10-07 22:10:42,DephasingDuplication,test,Tst,1000000000.0,../gen/Tst_test/DephasingDuplication/log/runproute.log,../gen/Tst_test/DephasingDuplication/log/runproute.sh,../gen/Tst_test/DephasingDuplication/plastisim/summary.csv,../gen/Tst_test/DephasingDuplication/pir/AccelMain.scala,../gen/Tst_test/DephasingDuplication/log/,../gen/Tst_test/DephasingDuplication/log/gentst.log,../gen/Tst_test/DephasingDuplication/pir/out/resource.csv,../gen/Tst_test/DephasingDuplication/log/maketst.log,../gen/Tst_test/DephasingDuplication/log/runp2p.log,../gen/Tst_test/DephasingDuplication/log/runhybrid.log,../gen/Tst_test/DephasingDuplication/log/p2pstat.log,True,,,17.630544925,,20,20,1,6,2,4,40,40,200,200,,,,,,,,,,,,,,,,,,,,,,,0:32.35,160,,,False,True,,1.6,0.0,0:00.61,,,,False,False,,,,,"2336 OP, 14.60 GOPS","672 OP, 4.20 GOPS","1434 OP, 8.96 GOPS",,"902 OP, 5.64 GOPS","672 OP, 4.20 GOPS",True,False,True
481d287,b0af048,2019-10-07 22:10:42,DeviceMemcpy,test,Tst,1000000000.0,../gen/Tst_test/DeviceMemcpy/log/runproute.log,../gen/Tst_test/DeviceMemcpy/log/runproute.sh,../gen/Tst_test/DeviceMemcpy/plastisim/summary.csv,../gen/Tst_test/DeviceMemcpy/pir/AccelMain.scala,../gen/Tst_test/DeviceMemcpy/log/,../gen/Tst_test/DeviceMemcpy/log/gentst.log,../gen/Tst_test/DeviceMemcpy/pir/out/resource.csv,../gen/Tst_test/DeviceMemcpy/log/maketst.log,../gen/Tst_test/DeviceMemcpy/log/runp2p.log,../gen/Tst_test/DeviceMemcpy/log/runhybrid.log,../gen/Tst_test/DeviceMemcpy/log/p2pstat.log,True,,,6.366446165,,20,20,0,0,0,0,40,40,200,200,,,,,,,,,,,,,,,,,,,,,,,0:23.82,1,,True,False,True,,0.0,0.0,0:00.54,,,,False,False,,,,,,,,,,,True,False,True
481d287,b0af048,2019-10-07 22:10:42,DiagonalBanking,test,Tst,1000000000.0,../gen/Tst_test/DiagonalBanking/log/runproute.log,../gen/Tst_test/DiagonalBanking/log/runproute.sh,../gen/Tst_test/DiagonalBanking/plastisim/summary.csv,../gen/Tst_test/DiagonalBanking/pir/AccelMain.scala,../gen/Tst_test/DiagonalBanking/log/,../gen/Tst_test/DiagonalBanking/log/gentst.log,../gen/Tst_test/DiagonalBanking/pir/out/resource.csv,../gen/Tst_test/DiagonalBanking/log/maketst.log,../gen/Tst_test/DiagonalBanking/log/runp2p.log,../gen/Tst_test/DiagonalBanking/log/runhybrid.log,../gen/Tst_test/DiagonalBanking/log/p2pstat.log,True,,,16.297548126,,20,20,1,4,1,5,40,40,200,200,,,,,,,,,,,,,,,,,,,,,,,0:38.92,100,,,False,True,,1.28,0.0,0:00.44,,,,False,False,,,,,"2355 OP, 23.55 GOPS","1284 OP, 12.84 GOPS","1338 OP, 13.38 GOPS",,"1017 OP, 10.17 GOPS","1284 OP, 12.84 GOPS",True,False,True
481d287,b0af048,2019-10-07 22:10:42,Differentiator,test,Tst,1000000000.0,../gen/Tst_test/Differentiator/log/runproute.log,../gen/Tst_test/Differentiator/log/runproute.sh,../gen/Tst_test/Differentiator/plastisim/summary.csv,../gen/Tst_test/Differentiator/pir/AccelMain.scala,../gen/Tst_test/Differentiator/log/,../gen/Tst_test/Differentiator/log/gentst.log,../gen/Tst_test/Differentiator/pir/out/resource.csv,../gen/Tst_test/Differentiator/log/maketst.log,../gen/Tst_test/Differentiator/log/runp2p.log,../gen/Tst_test/Differentiator/log/runhybrid.log,../gen/Tst_test/Differentiator/log/p2pstat.log,True,,"[[31merror[0m] Failed passes: 61-TungstenPIRGen
",11.819265582,,20,20,1,7,3,0,40,40,200,200,,,,,,,,,,,,,,,,,,,,,,,,,,,False,False,,,,,,,,False,False,,,,,,,,,,,False,False,False
481d287,b0af048,2019-10-07 22:10:42,DigitRecognition,test,Tst,1000000000.0,../gen/Tst_test/DigitRecognition/log/runproute.log,../gen/Tst_test/DigitRecognition/log/runproute.sh,../gen/Tst_test/DigitRecognition/plastisim/summary.csv,../gen/Tst_test/DigitRecognition/pir/AccelMain.scala,../gen/Tst_test/DigitRecognition/log/,../gen/Tst_test/DigitRecognition/log/gentst.log,../gen/Tst_test/DigitRecognition/pir/out/resource.csv,../gen/Tst_test/DigitRecognition/log/maketst.log,../gen/Tst_test/DigitRecognition/log/runp2p.log,../gen/Tst_test/DigitRecognition/log/runhybrid.log,../gen/Tst_test/DigitRecognition/log/p2pstat.log,False,[error] //TODO: Plasticine does not support unbanked unrolled access at the moment. ,,,,,,,,,,,,,,,,,,,,,,,,,,,,,,,,,,,,,,,,False,False,,,,,,,,False,False,,,,,,,,,,,False,False,False
481d287,b0af048,2019-10-07 22:10:42,DotProduct,test,Tst,1000000000.0,../gen/Tst_test/DotProduct/log/runproute.log,../gen/Tst_test/DotProduct/log/runproute.sh,../gen/Tst_test/DotProduct/plastisim/summary.csv,../gen/Tst_test/DotProduct/pir/AccelMain.scala,../gen/Tst_test/DotProduct/log/,../gen/Tst_test/DotProduct/log/gentst.log,../gen/Tst_test/DotProduct/pir/out/resource.csv,../gen/Tst_test/DotProduct/log/maketst.log,../gen/Tst_test/DotProduct/log/runp2p.log,../gen/Tst_test/DotProduct/log/runhybrid.log,../gen/Tst_test/DotProduct/log/p2pstat.log,True,,,22.615589611,,20,20,4,5,4,10,40,40,200,200,,,,,,,,,,,,,,,,,,,,,,,0:45.93,148,,True,False,True,,34.5946,0.0,0:00.45,,,,False,False,,,,,"6570 OP, 44.39 GOPS","2730 OP, 18.45 GOPS","2710 OP, 18.31 GOPS",,"3860 OP, 26.08 GOPS","2730 OP, 18.45 GOPS",True,False,True
481d287,b0af048,2019-10-07 22:10:42,DotProductFlt,test,Tst,1000000000.0,../gen/Tst_test/DotProductFlt/log/runproute.log,../gen/Tst_test/DotProductFlt/log/runproute.sh,../gen/Tst_test/DotProductFlt/plastisim/summary.csv,../gen/Tst_test/DotProductFlt/pir/AccelMain.scala,../gen/Tst_test/DotProductFlt/log/,../gen/Tst_test/DotProductFlt/log/gentst.log,../gen/Tst_test/DotProductFlt/pir/out/resource.csv,../gen/Tst_test/DotProductFlt/log/maketst.log,../gen/Tst_test/DotProductFlt/log/runp2p.log,../gen/Tst_test/DotProductFlt/log/runhybrid.log,../gen/Tst_test/DotProductFlt/log/p2pstat.log,True,,,15.635789392,,20,20,2,2,2,6,40,40,200,200,,,,,,,,,,,,,,,,,,,,,,,0:32.75,228,,True,False,True,,22.4561,0.0,0:00.40,,,,False,False,,,,,"6580 OP, 28.86 GOPS","5940 OP, 26.05 GOPS","2700 OP, 11.84 GOPS","20 OP, 0.09 GOPS","3860 OP, 16.93 GOPS","2740 OP, 12.02 GOPS",True,False,True
481d287,b0af048,2019-10-07 22:10:42,DotProductStream,test,Tst,1000000000.0,../gen/Tst_test/DotProductStream/log/runproute.log,../gen/Tst_test/DotProductStream/log/runproute.sh,../gen/Tst_test/DotProductStream/plastisim/summary.csv,../gen/Tst_test/DotProductStream/pir/AccelMain.scala,../gen/Tst_test/DotProductStream/log/,../gen/Tst_test/DotProductStream/log/gentst.log,../gen/Tst_test/DotProductStream/pir/out/resource.csv,../gen/Tst_test/DotProductStream/log/maketst.log,../gen/Tst_test/DotProductStream/log/runp2p.log,../gen/Tst_test/DotProductStream/log/runhybrid.log,../gen/Tst_test/DotProductStream/log/p2pstat.log,True,,,14.334255326,,20,20,2,4,0,6,40,40,200,200,,,,,,,,,,,,,,,,,,,,,,,0:38.71,1350,,True,False,True,,7.58519,0.0,0:00.53,,,,False,False,,,,,"10360 OP, 7.67 GOPS","7800 OP, 5.78 GOPS","5240 OP, 3.88 GOPS",,"5120 OP, 3.79 GOPS","7800 OP, 5.78 GOPS",True,False,True
481d287,b0af048,2019-10-07 22:10:42,DummyWorkload,test,Tst,1000000000.0,../gen/Tst_test/DummyWorkload/log/runproute.log,../gen/Tst_test/DummyWorkload/log/runproute.sh,../gen/Tst_test/DummyWorkload/plastisim/summary.csv,../gen/Tst_test/DummyWorkload/pir/AccelMain.scala,../gen/Tst_test/DummyWorkload/log/,../gen/Tst_test/DummyWorkload/log/gentst.log,../gen/Tst_test/DummyWorkload/pir/out/resource.csv,../gen/Tst_test/DummyWorkload/log/maketst.log,../gen/Tst_test/DummyWorkload/log/runp2p.log,../gen/Tst_test/DummyWorkload/log/runhybrid.log,../gen/Tst_test/DummyWorkload/log/p2pstat.log,True,,"[0m[[0m[31merror[0m] [0m[0m/home/yaqiz/pldi20/spatial/gen/Tst_test/DummyWorkload/pir/AccelMain.scala:13:51: not found: value full_packet[0m
",,,,,,,,,,,,,,,,,,,,,,,,,,,,,,,,,,,,,,,False,False,,,,,,,,False,False,,,,,,,,,,,False,False,False
481d287,b0af048,2019-10-07 22:10:42,EdgeDetector,test,Tst,1000000000.0,../gen/Tst_test/EdgeDetector/log/runproute.log,../gen/Tst_test/EdgeDetector/log/runproute.sh,../gen/Tst_test/EdgeDetector/plastisim/summary.csv,../gen/Tst_test/EdgeDetector/pir/AccelMain.scala,../gen/Tst_test/EdgeDetector/log/,../gen/Tst_test/EdgeDetector/log/gentst.log,../gen/Tst_test/EdgeDetector/pir/out/resource.csv,../gen/Tst_test/EdgeDetector/log/maketst.log,../gen/Tst_test/EdgeDetector/log/runp2p.log,../gen/Tst_test/EdgeDetector/log/runhybrid.log,../gen/Tst_test/EdgeDetector/log/p2pstat.log,True,,"[0m[[0m[31merror[0m] [0m[0m/home/yaqiz/pldi20/spatial/gen/Tst_test/EdgeDetector/pir/AccelMain.scala:166:57: not found: value x379[0m
",,,,,,,,,,,,,,,,,,,,,,,,,,,,,,,,,,,,,,,False,False,,,,,,,,False,False,,,,,,,,,,,False,False,False
481d287,b0af048,2019-10-07 22:10:42,ExplicitII,test,Tst,1000000000.0,../gen/Tst_test/ExplicitII/log/runproute.log,../gen/Tst_test/ExplicitII/log/runproute.sh,../gen/Tst_test/ExplicitII/plastisim/summary.csv,../gen/Tst_test/ExplicitII/pir/AccelMain.scala,../gen/Tst_test/ExplicitII/log/,../gen/Tst_test/ExplicitII/log/gentst.log,../gen/Tst_test/ExplicitII/pir/out/resource.csv,../gen/Tst_test/ExplicitII/log/maketst.log,../gen/Tst_test/ExplicitII/log/runp2p.log,../gen/Tst_test/ExplicitII/log/runhybrid.log,../gen/Tst_test/ExplicitII/log/p2pstat.log,True,,,10.684575329,,20,20,0,2,2,0,40,40,200,200,,,,,,,,,,,,,,,,,,,,,,,0:27.67,125,,,False,True,,0.0,0.0,0:00.48,,,,False,False,,,,,"96 OP, 0.77 GOPS","64 OP, 0.51 GOPS","96 OP, 0.77 GOPS",,,"64 OP, 0.51 GOPS",True,False,True
481d287,b0af048,2019-10-07 22:10:42,FFT_Strided,test,Tst,1000000000.0,../gen/Tst_test/FFT_Strided/log/runproute.log,../gen/Tst_test/FFT_Strided/log/runproute.sh,../gen/Tst_test/FFT_Strided/plastisim/summary.csv,../gen/Tst_test/FFT_Strided/pir/AccelMain.scala,../gen/Tst_test/FFT_Strided/log/,../gen/Tst_test/FFT_Strided/log/gentst.log,../gen/Tst_test/FFT_Strided/pir/out/resource.csv,../gen/Tst_test/FFT_Strided/log/maketst.log,../gen/Tst_test/FFT_Strided/log/runp2p.log,../gen/Tst_test/FFT_Strided/log/runhybrid.log,../gen/Tst_test/FFT_Strided/log/p2pstat.log,True,,"[[31merror[0m] Failed passes: 08-RewriteTransformer
",5.067703761,,20,20,,,,,,,,,,,,,,,,,,,,,,,,,,,,,,,,,,,False,False,,,,,,,,False,False,,,,,,,,,,,False,False,False
481d287,b0af048,2019-10-07 22:10:42,FFT_Transpose,test,Tst,1000000000.0,../gen/Tst_test/FFT_Transpose/log/runproute.log,../gen/Tst_test/FFT_Transpose/log/runproute.sh,../gen/Tst_test/FFT_Transpose/plastisim/summary.csv,../gen/Tst_test/FFT_Transpose/pir/AccelMain.scala,../gen/Tst_test/FFT_Transpose/log/,../gen/Tst_test/FFT_Transpose/log/gentst.log,../gen/Tst_test/FFT_Transpose/pir/out/resource.csv,../gen/Tst_test/FFT_Transpose/log/maketst.log,../gen/Tst_test/FFT_Transpose/log/runp2p.log,../gen/Tst_test/FFT_Transpose/log/runhybrid.log,../gen/Tst_test/FFT_Transpose/log/p2pstat.log,True,,"[[31merror[0m] Constrain failed on MemoryContainer4601
",11364.870484913,,20,20,,,,,,,,,,,,,,,,,,,,,,,,,,,,,,,,,,,False,False,,,,,,,,False,False,,,,,,,,,,,False,False,False
481d287,b0af048,2019-10-07 22:10:42,FIFOBanking,test,Tst,1000000000.0,../gen/Tst_test/FIFOBanking/log/runproute.log,../gen/Tst_test/FIFOBanking/log/runproute.sh,../gen/Tst_test/FIFOBanking/plastisim/summary.csv,../gen/Tst_test/FIFOBanking/pir/AccelMain.scala,../gen/Tst_test/FIFOBanking/log/,../gen/Tst_test/FIFOBanking/log/gentst.log,../gen/Tst_test/FIFOBanking/pir/out/resource.csv,../gen/Tst_test/FIFOBanking/log/maketst.log,../gen/Tst_test/FIFOBanking/log/runp2p.log,../gen/Tst_test/FIFOBanking/log/runhybrid.log,../gen/Tst_test/FIFOBanking/log/p2pstat.log,True,,,7.351415605,,20,20,0,1,0,1,40,40,200,200,,,,,,,,,,,,,,,,,,,,,,,0:26.51,134,,,False,True,,0.0,0.0,0:00.41,,,,False,False,,,,,,,,,,,True,False,True
481d287,b0af048,2019-10-07 22:10:42,FIFOBanking2,test,Tst,1000000000.0,../gen/Tst_test/FIFOBanking2/log/runproute.log,../gen/Tst_test/FIFOBanking2/log/runproute.sh,../gen/Tst_test/FIFOBanking2/plastisim/summary.csv,../gen/Tst_test/FIFOBanking2/pir/AccelMain.scala,../gen/Tst_test/FIFOBanking2/log/,../gen/Tst_test/FIFOBanking2/log/gentst.log,../gen/Tst_test/FIFOBanking2/pir/out/resource.csv,../gen/Tst_test/FIFOBanking2/log/maketst.log,../gen/Tst_test/FIFOBanking2/log/runp2p.log,../gen/Tst_test/FIFOBanking2/log/runhybrid.log,../gen/Tst_test/FIFOBanking2/log/p2pstat.log,True,,,9.210631866,,20,20,0,0,0,2,40,40,200,200,,,,,,,,,,,,,,,,,,,,,,,0:28.38,28,,,False,True,,0.0,0.0,0:00.39,,,,False,False,,,,,"33 OP, 1.18 GOPS","33 OP, 1.18 GOPS","33 OP, 1.18 GOPS",,,,True,False,True
481d287,b0af048,2019-10-07 22:10:42,FIFOBranch,test,Tst,1000000000.0,../gen/Tst_test/FIFOBranch/log/runproute.log,../gen/Tst_test/FIFOBranch/log/runproute.sh,../gen/Tst_test/FIFOBranch/plastisim/summary.csv,../gen/Tst_test/FIFOBranch/pir/AccelMain.scala,../gen/Tst_test/FIFOBranch/log/,../gen/Tst_test/FIFOBranch/log/gentst.log,../gen/Tst_test/FIFOBranch/pir/out/resource.csv,../gen/Tst_test/FIFOBranch/log/maketst.log,../gen/Tst_test/FIFOBranch/log/runp2p.log,../gen/Tst_test/FIFOBranch/log/runhybrid.log,../gen/Tst_test/FIFOBranch/log/p2pstat.log,True,,"[0m[[0m[31merror[0m] [0m[0m/home/yaqiz/pldi20/spatial/gen/Tst_test/FIFOBranch/pir/AccelMain.scala:57:52: not found: value x139[0m
",,,,,,,,,,,,,,,,,,,,,,,,,,,,,,,,,,,,,,,False,False,,,,,,,,False,False,,,,,,,,,,,False,False,False
481d287,b0af048,2019-10-07 22:10:42,FIFOLoad,test,Tst,1000000000.0,../gen/Tst_test/FIFOLoad/log/runproute.log,../gen/Tst_test/FIFOLoad/log/runproute.sh,../gen/Tst_test/FIFOLoad/plastisim/summary.csv,../gen/Tst_test/FIFOLoad/pir/AccelMain.scala,../gen/Tst_test/FIFOLoad/log/,../gen/Tst_test/FIFOLoad/log/gentst.log,../gen/Tst_test/FIFOLoad/pir/out/resource.csv,../gen/Tst_test/FIFOLoad/log/maketst.log,../gen/Tst_test/FIFOLoad/log/runp2p.log,../gen/Tst_test/FIFOLoad/log/runhybrid.log,../gen/Tst_test/FIFOLoad/log/p2pstat.log,True,,,14.362816697,,20,20,2,5,1,0,40,40,200,200,,,,,,,,,,,,,,,,,,,,,,,0:39.97,1976,,True,False,True,,1.94332,1.94332,0:00.54,,,,False,False,,,,,"1980 OP, 1.00 GOPS","60 OP, 0.03 GOPS","60 OP, 0.03 GOPS",,"1920 OP, 0.97 GOPS","60 OP, 0.03 GOPS",True,False,True
481d287,b0af048,2019-10-07 22:10:42,FIFOLoadSRAMStore,test,Tst,1000000000.0,../gen/Tst_test/FIFOLoadSRAMStore/log/runproute.log,../gen/Tst_test/FIFOLoadSRAMStore/log/runproute.sh,../gen/Tst_test/FIFOLoadSRAMStore/plastisim/summary.csv,../gen/Tst_test/FIFOLoadSRAMStore/pir/AccelMain.scala,../gen/Tst_test/FIFOLoadSRAMStore/log/,../gen/Tst_test/FIFOLoadSRAMStore/log/gentst.log,../gen/Tst_test/FIFOLoadSRAMStore/pir/out/resource.csv,../gen/Tst_test/FIFOLoadSRAMStore/log/maketst.log,../gen/Tst_test/FIFOLoadSRAMStore/log/runp2p.log,../gen/Tst_test/FIFOLoadSRAMStore/log/runhybrid.log,../gen/Tst_test/FIFOLoadSRAMStore/log/p2pstat.log,True,,"[0m[[0m[31merror[0m] [0m[0m/home/yaqiz/pldi20/spatial/gen/Tst_test/FIFOLoadSRAMStore/pir/AccelMain.scala:72:142: not found: value x171[0m
",,,,,,,,,,,,,,,,,,,,,,,,,,,,,,,,,,,,,,,False,False,,,,,,,,False,False,,,,,,,,,,,False,False,False
481d287,b0af048,2019-10-07 22:10:42,FIFOLoadStore,test,Tst,1000000000.0,../gen/Tst_test/FIFOLoadStore/log/runproute.log,../gen/Tst_test/FIFOLoadStore/log/runproute.sh,../gen/Tst_test/FIFOLoadStore/plastisim/summary.csv,../gen/Tst_test/FIFOLoadStore/pir/AccelMain.scala,../gen/Tst_test/FIFOLoadStore/log/,../gen/Tst_test/FIFOLoadStore/log/gentst.log,../gen/Tst_test/FIFOLoadStore/pir/out/resource.csv,../gen/Tst_test/FIFOLoadStore/log/maketst.log,../gen/Tst_test/FIFOLoadStore/log/runp2p.log,../gen/Tst_test/FIFOLoadStore/log/runhybrid.log,../gen/Tst_test/FIFOLoadStore/log/p2pstat.log,True,,,12.142176431,,20,20,2,5,0,0,40,40,200,200,,,,,,,,,,,,,,,,,,,,,,,0:33.74,242,,True,False,True,,3.17355,3.17355,0:00.51,,,,False,False,,,,,"72 OP, 0.30 GOPS","72 OP, 0.30 GOPS","72 OP, 0.30 GOPS",,,"72 OP, 0.30 GOPS",True,False,True
481d287,b0af048,2019-10-07 22:10:42,FIFOParRead,test,Tst,1000000000.0,../gen/Tst_test/FIFOParRead/log/runproute.log,../gen/Tst_test/FIFOParRead/log/runproute.sh,../gen/Tst_test/FIFOParRead/plastisim/summary.csv,../gen/Tst_test/FIFOParRead/pir/AccelMain.scala,../gen/Tst_test/FIFOParRead/log/,../gen/Tst_test/FIFOParRead/log/gentst.log,../gen/Tst_test/FIFOParRead/pir/out/resource.csv,../gen/Tst_test/FIFOParRead/log/maketst.log,../gen/Tst_test/FIFOParRead/log/runp2p.log,../gen/Tst_test/FIFOParRead/log/runhybrid.log,../gen/Tst_test/FIFOParRead/log/p2pstat.log,True,,"[[31merror[0m] TODO: Do not support multiple writers to FIFO on Plasticine yet FIFO9[x130]: fifoOut_0 FIFOParRead.scala:17:30
",6.794974961,,20,20,,,,,,,,,,,,,,,,,,,,,,,,,,,,,,,,,,,False,False,,,,,,,,False,False,,,,,,,,,,,False,False,False
481d287,b0af048,2019-10-07 22:10:42,FIFOPushPop,test,Tst,1000000000.0,../gen/Tst_test/FIFOPushPop/log/runproute.log,../gen/Tst_test/FIFOPushPop/log/runproute.sh,../gen/Tst_test/FIFOPushPop/plastisim/summary.csv,../gen/Tst_test/FIFOPushPop/pir/AccelMain.scala,../gen/Tst_test/FIFOPushPop/log/,../gen/Tst_test/FIFOPushPop/log/gentst.log,../gen/Tst_test/FIFOPushPop/pir/out/resource.csv,../gen/Tst_test/FIFOPushPop/log/maketst.log,../gen/Tst_test/FIFOPushPop/log/runp2p.log,../gen/Tst_test/FIFOPushPop/log/runhybrid.log,../gen/Tst_test/FIFOPushPop/log/p2pstat.log,True,,,8.957907563,,20,20,0,3,0,0,40,40,200,200,,,,,,,,,,,,,,,,,,,,,,,0:27.83,414,,True,False,True,,0.0,0.0,0:00.55,,,,False,False,,,,,"1164 OP, 2.81 GOPS","780 OP, 1.88 GOPS","776 OP, 1.87 GOPS",,"388 OP, 0.94 GOPS","780 OP, 1.88 GOPS",True,False,True
481d287,b0af048,2019-10-07 22:10:42,FIFOPushPop2,test,Tst,1000000000.0,../gen/Tst_test/FIFOPushPop2/log/runproute.log,../gen/Tst_test/FIFOPushPop2/log/runproute.sh,../gen/Tst_test/FIFOPushPop2/plastisim/summary.csv,../gen/Tst_test/FIFOPushPop2/pir/AccelMain.scala,../gen/Tst_test/FIFOPushPop2/log/,../gen/Tst_test/FIFOPushPop2/log/gentst.log,../gen/Tst_test/FIFOPushPop2/pir/out/resource.csv,../gen/Tst_test/FIFOPushPop2/log/maketst.log,../gen/Tst_test/FIFOPushPop2/log/runp2p.log,../gen/Tst_test/FIFOPushPop2/log/runhybrid.log,../gen/Tst_test/FIFOPushPop2/log/p2pstat.log,True,,"[[31merror[0m] TODO: Do not support multiple writers to FIFO on Plasticine yet FIFO12[x110]: f1_0 FIFOPushPop.scala:59:25
",3.940349757,,20,20,,,,,,,,,,,,,,,,,,,,,,,,,,,,,,,,,,,False,False,,,,,,,,False,False,,,,,,,,,,,False,False,False
481d287,b0af048,2019-10-07 22:10:42,FIFORing,test,Tst,1000000000.0,../gen/Tst_test/FIFORing/log/runproute.log,../gen/Tst_test/FIFORing/log/runproute.sh,../gen/Tst_test/FIFORing/plastisim/summary.csv,../gen/Tst_test/FIFORing/pir/AccelMain.scala,../gen/Tst_test/FIFORing/log/,../gen/Tst_test/FIFORing/log/gentst.log,../gen/Tst_test/FIFORing/pir/out/resource.csv,../gen/Tst_test/FIFORing/log/maketst.log,../gen/Tst_test/FIFORing/log/runp2p.log,../gen/Tst_test/FIFORing/log/runhybrid.log,../gen/Tst_test/FIFORing/log/p2pstat.log,True,,"[[31merror[0m] TODO: Do not support multiple writers to FIFO on Plasticine yet FIFO11[x403]: f1_0 FIFORing.scala:24:25
",5.84966287,,20,20,,,,,,,,,,,,,,,,,,,,,,,,,,,,,,,,,,,False,False,,,,,,,,False,False,,,,,,,,,,,False,False,False
481d287,b0af048,2019-10-07 22:10:42,FIFOVector,test,Tst,1000000000.0,../gen/Tst_test/FIFOVector/log/runproute.log,../gen/Tst_test/FIFOVector/log/runproute.sh,../gen/Tst_test/FIFOVector/plastisim/summary.csv,../gen/Tst_test/FIFOVector/pir/AccelMain.scala,../gen/Tst_test/FIFOVector/log/,../gen/Tst_test/FIFOVector/log/gentst.log,../gen/Tst_test/FIFOVector/pir/out/resource.csv,../gen/Tst_test/FIFOVector/log/maketst.log,../gen/Tst_test/FIFOVector/log/runp2p.log,../gen/Tst_test/FIFOVector/log/runhybrid.log,../gen/Tst_test/FIFOVector/log/p2pstat.log,True,,,,,,,,,,,,,,,,,,,,,,,,,,,,,,,,,,,,,,,,,False,False,,,,,,,,False,False,,,,,,,,,,,False,False,False
481d287,b0af048,2019-10-07 22:10:42,FMAInLoop,test,Tst,1000000000.0,../gen/Tst_test/FMAInLoop/log/runproute.log,../gen/Tst_test/FMAInLoop/log/runproute.sh,../gen/Tst_test/FMAInLoop/plastisim/summary.csv,../gen/Tst_test/FMAInLoop/pir/AccelMain.scala,../gen/Tst_test/FMAInLoop/log/,../gen/Tst_test/FMAInLoop/log/gentst.log,../gen/Tst_test/FMAInLoop/pir/out/resource.csv,../gen/Tst_test/FMAInLoop/log/maketst.log,../gen/Tst_test/FMAInLoop/log/runp2p.log,../gen/Tst_test/FMAInLoop/log/runhybrid.log,../gen/Tst_test/FMAInLoop/log/p2pstat.log,True,,"[0m[[0m[31merror[0m] [0m[0m/home/yaqiz/pldi20/spatial/gen/Tst_test/FMAInLoop/pir/AccelMain.scala:74:51: not found: value x94_a[0m
",,,,,,,,,,,,,,,,,,,,,,,,,,,,,,,,,,,,,,,False,False,,,,,,,,False,False,,,,,,,,,,,False,False,False
481d287,b0af048,2019-10-07 22:10:42,FSMBasic,test,Tst,1000000000.0,../gen/Tst_test/FSMBasic/log/runproute.log,../gen/Tst_test/FSMBasic/log/runproute.sh,../gen/Tst_test/FSMBasic/plastisim/summary.csv,../gen/Tst_test/FSMBasic/pir/AccelMain.scala,../gen/Tst_test/FSMBasic/log/,../gen/Tst_test/FSMBasic/log/gentst.log,../gen/Tst_test/FSMBasic/pir/out/resource.csv,../gen/Tst_test/FSMBasic/log/maketst.log,../gen/Tst_test/FSMBasic/log/runp2p.log,../gen/Tst_test/FSMBasic/log/runhybrid.log,../gen/Tst_test/FSMBasic/log/p2pstat.log,True,,,10.480729999,,20,20,1,3,1,0,40,40,200,200,,,,,,,,,,,,,,,,,,,,,,,0:31.40,53,"Assertion fail:
",,False,False,,0.0,2.41509,0:00.71,,,,False,False,,,,,,,,,,,False,False,False
481d287,b0af048,2019-10-07 22:10:42,FSMBasic2,test,Tst,1000000000.0,../gen/Tst_test/FSMBasic2/log/runproute.log,../gen/Tst_test/FSMBasic2/log/runproute.sh,../gen/Tst_test/FSMBasic2/plastisim/summary.csv,../gen/Tst_test/FSMBasic2/pir/AccelMain.scala,../gen/Tst_test/FSMBasic2/log/,../gen/Tst_test/FSMBasic2/log/gentst.log,../gen/Tst_test/FSMBasic2/pir/out/resource.csv,../gen/Tst_test/FSMBasic2/log/maketst.log,../gen/Tst_test/FSMBasic2/log/runp2p.log,../gen/Tst_test/FSMBasic2/log/runhybrid.log,../gen/Tst_test/FSMBasic2/log/p2pstat.log,True,,,8.546138665,,20,20,1,2,1,1,40,40,200,200,,,,,,,,,,,,,,,,,,,,,,,0:29.04,33,"Assertion fail:
",,False,False,,0.0,3.87879,0:00.64,,,,False,False,,,,,,,,,,,False,False,False
481d287,b0af048,2019-10-07 22:10:42,FSMBasicCond,test,Tst,1000000000.0,../gen/Tst_test/FSMBasicCond/log/runproute.log,../gen/Tst_test/FSMBasicCond/log/runproute.sh,../gen/Tst_test/FSMBasicCond/plastisim/summary.csv,../gen/Tst_test/FSMBasicCond/pir/AccelMain.scala,../gen/Tst_test/FSMBasicCond/log/,../gen/Tst_test/FSMBasicCond/log/gentst.log,../gen/Tst_test/FSMBasicCond/pir/out/resource.csv,../gen/Tst_test/FSMBasicCond/log/maketst.log,../gen/Tst_test/FSMBasicCond/log/runp2p.log,../gen/Tst_test/FSMBasicCond/log/runhybrid.log,../gen/Tst_test/FSMBasicCond/log/p2pstat.log,True,,,12.283911903,,20,20,1,3,1,0,40,40,200,200,,,,,,,,,,,,,,,,,,,,,,,0:32.38,53,"Assertion fail:
",,False,False,,0.0,2.41509,0:00.64,,,,False,False,,,,,,,,,,,False,False,False
481d287,b0af048,2019-10-07 22:10:42,FSMBasicCond2,test,Tst,1000000000.0,../gen/Tst_test/FSMBasicCond2/log/runproute.log,../gen/Tst_test/FSMBasicCond2/log/runproute.sh,../gen/Tst_test/FSMBasicCond2/plastisim/summary.csv,../gen/Tst_test/FSMBasicCond2/pir/AccelMain.scala,../gen/Tst_test/FSMBasicCond2/log/,../gen/Tst_test/FSMBasicCond2/log/gentst.log,../gen/Tst_test/FSMBasicCond2/pir/out/resource.csv,../gen/Tst_test/FSMBasicCond2/log/maketst.log,../gen/Tst_test/FSMBasicCond2/log/runp2p.log,../gen/Tst_test/FSMBasicCond2/log/runhybrid.log,../gen/Tst_test/FSMBasicCond2/log/p2pstat.log,True,,,9.82656075,,20,20,1,2,1,1,40,40,200,200,,,,,,,,,,,,,,,,,,,,,,,0:29.94,33,"Assertion fail:
",,False,False,,0.0,3.87879,0:00.70,,,,False,False,,,,,,,,,,,False,False,False
481d287,b0af048,2019-10-07 22:10:42,FSMDotProduct,test,Tst,1000000000.0,../gen/Tst_test/FSMDotProduct/log/runproute.log,../gen/Tst_test/FSMDotProduct/log/runproute.sh,../gen/Tst_test/FSMDotProduct/plastisim/summary.csv,../gen/Tst_test/FSMDotProduct/pir/AccelMain.scala,../gen/Tst_test/FSMDotProduct/log/,../gen/Tst_test/FSMDotProduct/log/gentst.log,../gen/Tst_test/FSMDotProduct/pir/out/resource.csv,../gen/Tst_test/FSMDotProduct/log/maketst.log,../gen/Tst_test/FSMDotProduct/log/runp2p.log,../gen/Tst_test/FSMDotProduct/log/runhybrid.log,../gen/Tst_test/FSMDotProduct/log/p2pstat.log,True,,,7.746345769,,20,20,0,0,0,0,40,40,200,200,,,,,,,,,,,,,,,,,,,,,,,0:27.96,1,"Assertion fail:
",,False,False,,0.0,0.0,0:00.67,,,,False,False,,,,,,,,,,,False,False,False
481d287,b0af048,2019-10-07 22:10:42,FSMDotProduct2,test,Tst,1000000000.0,../gen/Tst_test/FSMDotProduct2/log/runproute.log,../gen/Tst_test/FSMDotProduct2/log/runproute.sh,../gen/Tst_test/FSMDotProduct2/plastisim/summary.csv,../gen/Tst_test/FSMDotProduct2/pir/AccelMain.scala,../gen/Tst_test/FSMDotProduct2/log/,../gen/Tst_test/FSMDotProduct2/log/gentst.log,../gen/Tst_test/FSMDotProduct2/pir/out/resource.csv,../gen/Tst_test/FSMDotProduct2/log/maketst.log,../gen/Tst_test/FSMDotProduct2/log/runp2p.log,../gen/Tst_test/FSMDotProduct2/log/runhybrid.log,../gen/Tst_test/FSMDotProduct2/log/p2pstat.log,True,,,6.414748007,,20,20,0,0,0,0,40,40,200,200,,,,,,,,,,,,,,,,,,,,,,,0:25.30,1,"Assertion fail:
",,False,False,,0.0,0.0,0:00.65,,,,False,False,,,,,,,,,,,False,False,False
481d287,b0af048,2019-10-07 22:10:42,FSMFIFOStack,test,Tst,1000000000.0,../gen/Tst_test/FSMFIFOStack/log/runproute.log,../gen/Tst_test/FSMFIFOStack/log/runproute.sh,../gen/Tst_test/FSMFIFOStack/plastisim/summary.csv,../gen/Tst_test/FSMFIFOStack/pir/AccelMain.scala,../gen/Tst_test/FSMFIFOStack/log/,../gen/Tst_test/FSMFIFOStack/log/gentst.log,../gen/Tst_test/FSMFIFOStack/pir/out/resource.csv,../gen/Tst_test/FSMFIFOStack/log/maketst.log,../gen/Tst_test/FSMFIFOStack/log/runp2p.log,../gen/Tst_test/FSMFIFOStack/log/runhybrid.log,../gen/Tst_test/FSMFIFOStack/log/p2pstat.log,True,,,7.004735847,,20,20,0,0,0,0,40,40,200,200,,,,,,,,,,,,,,,,,,,,,,,0:25.36,1,"Assertion fail:
",True,False,False,,0.0,0.0,0:00.59,,,,False,False,,,,,,,,,,,False,False,False
481d287,b0af048,2019-10-07 22:10:42,FSMOuterSwitch,test,Tst,1000000000.0,../gen/Tst_test/FSMOuterSwitch/log/runproute.log,../gen/Tst_test/FSMOuterSwitch/log/runproute.sh,../gen/Tst_test/FSMOuterSwitch/plastisim/summary.csv,../gen/Tst_test/FSMOuterSwitch/pir/AccelMain.scala,../gen/Tst_test/FSMOuterSwitch/log/,../gen/Tst_test/FSMOuterSwitch/log/gentst.log,../gen/Tst_test/FSMOuterSwitch/pir/out/resource.csv,../gen/Tst_test/FSMOuterSwitch/log/maketst.log,../gen/Tst_test/FSMOuterSwitch/log/runp2p.log,../gen/Tst_test/FSMOuterSwitch/log/runhybrid.log,../gen/Tst_test/FSMOuterSwitch/log/p2pstat.log,True,,,7.011475177,,20,20,0,0,0,0,40,40,200,200,,,,,,,,,,,,,,,,,,,,,,,0:25.35,1,"Assertion fail:
",,False,False,,0.0,0.0,0:00.76,,,,False,False,,,,,,,,,,,False,False,False
481d287,b0af048,2019-10-07 22:10:42,FaceDetection,test,Tst,1000000000.0,../gen/Tst_test/FaceDetection/log/runproute.log,../gen/Tst_test/FaceDetection/log/runproute.sh,../gen/Tst_test/FaceDetection/plastisim/summary.csv,../gen/Tst_test/FaceDetection/pir/AccelMain.scala,../gen/Tst_test/FaceDetection/log/,../gen/Tst_test/FaceDetection/log/gentst.log,../gen/Tst_test/FaceDetection/pir/out/resource.csv,../gen/Tst_test/FaceDetection/log/maketst.log,../gen/Tst_test/FaceDetection/log/runp2p.log,../gen/Tst_test/FaceDetection/log/runhybrid.log,../gen/Tst_test/FaceDetection/log/p2pstat.log,False,[bug] Encountered exception while updating node,,,,,,,,,,,,,,,,,,,,,,,,,,,,,,,,,,,,,,,,False,False,,,,,,,,False,False,,,,,,,,,,,False,False,False
481d287,b0af048,2019-10-07 22:10:42,FatConstructor,test,Tst,1000000000.0,../gen/Tst_test/FatConstructor/log/runproute.log,../gen/Tst_test/FatConstructor/log/runproute.sh,../gen/Tst_test/FatConstructor/plastisim/summary.csv,../gen/Tst_test/FatConstructor/pir/AccelMain.scala,../gen/Tst_test/FatConstructor/log/,../gen/Tst_test/FatConstructor/log/gentst.log,../gen/Tst_test/FatConstructor/pir/out/resource.csv,../gen/Tst_test/FatConstructor/log/maketst.log,../gen/Tst_test/FatConstructor/log/runp2p.log,../gen/Tst_test/FatConstructor/log/runhybrid.log,../gen/Tst_test/FatConstructor/log/p2pstat.log,True,,"[[31merror[0m] Not enough resource of type PMUParam1407681769. Required 287. Possesed 200
",502.903771887,"[[31merror[0m] Not enough resource of type PMUParam1407681769. Required 287. Possesed 200
",20,20,,,,,,,,,,,,,,,,,,,,,,,,,,,,,,,,,,,False,False,,,,,,,,False,False,,,,,,,,,,,False,False,False
481d287,b0af048,2019-10-07 22:10:42,FilterStream1D,test,Tst,1000000000.0,../gen/Tst_test/FilterStream1D/log/runproute.log,../gen/Tst_test/FilterStream1D/log/runproute.sh,../gen/Tst_test/FilterStream1D/plastisim/summary.csv,../gen/Tst_test/FilterStream1D/pir/AccelMain.scala,../gen/Tst_test/FilterStream1D/log/,../gen/Tst_test/FilterStream1D/log/gentst.log,../gen/Tst_test/FilterStream1D/pir/out/resource.csv,../gen/Tst_test/FilterStream1D/log/maketst.log,../gen/Tst_test/FilterStream1D/log/runp2p.log,../gen/Tst_test/FilterStream1D/log/runhybrid.log,../gen/Tst_test/FilterStream1D/log/p2pstat.log,True,,"[0m[[0m[31merror[0m] [0m[0m/home/yaqiz/pldi20/spatial/gen/Tst_test/FilterStream1D/pir/AccelMain.scala:16:62: not found: value composite[0m
",,,,,,,,,,,,,,,,,,,,,,,,,,,,,,,,,,,,,,,False,False,,,,,,,,False,False,,,,,,,,,,,False,False,False
481d287,b0af048,2019-10-07 22:10:42,FilterTest,test,Tst,1000000000.0,../gen/Tst_test/FilterTest/log/runproute.log,../gen/Tst_test/FilterTest/log/runproute.sh,../gen/Tst_test/FilterTest/plastisim/summary.csv,../gen/Tst_test/FilterTest/pir/AccelMain.scala,../gen/Tst_test/FilterTest/log/,../gen/Tst_test/FilterTest/log/gentst.log,../gen/Tst_test/FilterTest/pir/out/resource.csv,../gen/Tst_test/FilterTest/log/maketst.log,../gen/Tst_test/FilterTest/log/runp2p.log,../gen/Tst_test/FilterTest/log/runhybrid.log,../gen/Tst_test/FilterTest/log/p2pstat.log,False,[bug] Encountered exception while updating node,,,,,,,,,,,,,,,,,,,,,,,,,,,,,,,,,,,,,,,,False,False,,,,,,,,False,False,,,,,,,,,,,False,False,False
481d287,b0af048,2019-10-07 22:10:42,FixBasics,test,Tst,1000000000.0,../gen/Tst_test/FixBasics/log/runproute.log,../gen/Tst_test/FixBasics/log/runproute.sh,../gen/Tst_test/FixBasics/plastisim/summary.csv,../gen/Tst_test/FixBasics/pir/AccelMain.scala,../gen/Tst_test/FixBasics/log/,../gen/Tst_test/FixBasics/log/gentst.log,../gen/Tst_test/FixBasics/pir/out/resource.csv,../gen/Tst_test/FixBasics/log/maketst.log,../gen/Tst_test/FixBasics/log/runp2p.log,../gen/Tst_test/FixBasics/log/runhybrid.log,../gen/Tst_test/FixBasics/log/p2pstat.log,True,,"[[31merror[0m] Constrain failed on MemoryContainer764
",30.328943338,,20,20,,,,,,,,,,,,,,,,,,,,,,,,,,,,,,,,,,,False,False,,,,,,,,False,False,,,,,,,,,,,False,False,False
481d287,b0af048,2019-10-07 22:10:42,FixBasics2,test,Tst,1000000000.0,../gen/Tst_test/FixBasics2/log/runproute.log,../gen/Tst_test/FixBasics2/log/runproute.sh,../gen/Tst_test/FixBasics2/plastisim/summary.csv,../gen/Tst_test/FixBasics2/pir/AccelMain.scala,../gen/Tst_test/FixBasics2/log/,../gen/Tst_test/FixBasics2/log/gentst.log,../gen/Tst_test/FixBasics2/pir/out/resource.csv,../gen/Tst_test/FixBasics2/log/maketst.log,../gen/Tst_test/FixBasics2/log/runp2p.log,../gen/Tst_test/FixBasics2/log/runhybrid.log,../gen/Tst_test/FixBasics2/log/p2pstat.log,True,,"[[31merror[0m] Constrain failed on MemoryContainer1381
",44.597707166,,20,20,,,,,,,,,,,,,,,,,,,,,,,,,,,,,,,,,,,False,False,,,,,,,,False,False,,,,,,,,,,,False,False,False
481d287,b0af048,2019-10-07 22:10:42,FixBasics3,test,Tst,1000000000.0,../gen/Tst_test/FixBasics3/log/runproute.log,../gen/Tst_test/FixBasics3/log/runproute.sh,../gen/Tst_test/FixBasics3/plastisim/summary.csv,../gen/Tst_test/FixBasics3/pir/AccelMain.scala,../gen/Tst_test/FixBasics3/log/,../gen/Tst_test/FixBasics3/log/gentst.log,../gen/Tst_test/FixBasics3/pir/out/resource.csv,../gen/Tst_test/FixBasics3/log/maketst.log,../gen/Tst_test/FixBasics3/log/runp2p.log,../gen/Tst_test/FixBasics3/log/runhybrid.log,../gen/Tst_test/FixBasics3/log/p2pstat.log,True,,,35.758894994,,20,20,6,31,6,3,40,40,200,200,,,,,,,,,,,,,,,,,,,,,,,1:05.04,12774,"Assertion fail:
",,True,False,,0.0801628,1.16236,0:01.39,,,,False,False,,,,,,,,,,,False,False,False
481d287,b0af048,2019-10-07 22:10:42,FixPtArgInOut,test,Tst,1000000000.0,../gen/Tst_test/FixPtArgInOut/log/runproute.log,../gen/Tst_test/FixPtArgInOut/log/runproute.sh,../gen/Tst_test/FixPtArgInOut/plastisim/summary.csv,../gen/Tst_test/FixPtArgInOut/pir/AccelMain.scala,../gen/Tst_test/FixPtArgInOut/log/,../gen/Tst_test/FixPtArgInOut/log/gentst.log,../gen/Tst_test/FixPtArgInOut/pir/out/resource.csv,../gen/Tst_test/FixPtArgInOut/log/maketst.log,../gen/Tst_test/FixPtArgInOut/log/runp2p.log,../gen/Tst_test/FixPtArgInOut/log/runhybrid.log,../gen/Tst_test/FixPtArgInOut/log/p2pstat.log,True,,,5.59377996,,20,20,0,1,0,0,40,40,200,200,,,,,,,,,,,,,,,,,,,,,,,0:24.13,13,,,False,True,,0.0,0.0,0:00.42,,,,False,False,,,,,"4 OP, 0.31 GOPS","4 OP, 0.31 GOPS","4 OP, 0.31 GOPS",,,"4 OP, 0.31 GOPS",True,False,True
481d287,b0af048,2019-10-07 22:10:42,FlagExample,test,Tst,1000000000.0,../gen/Tst_test/FlagExample/log/runproute.log,../gen/Tst_test/FlagExample/log/runproute.sh,../gen/Tst_test/FlagExample/plastisim/summary.csv,../gen/Tst_test/FlagExample/pir/AccelMain.scala,../gen/Tst_test/FlagExample/log/,../gen/Tst_test/FlagExample/log/gentst.log,../gen/Tst_test/FlagExample/pir/out/resource.csv,../gen/Tst_test/FlagExample/log/maketst.log,../gen/Tst_test/FlagExample/log/runp2p.log,../gen/Tst_test/FlagExample/log/runhybrid.log,../gen/Tst_test/FlagExample/log/p2pstat.log,True,,,6.224055215,,20,20,0,0,0,0,40,40,200,200,,,,,,,,,,,,,,,,,,,,,,,0:28.51,1,,,False,True,,0.0,0.0,0:00.51,,,,False,False,,,,,,,,,,,True,False,True
481d287,b0af048,2019-10-07 22:10:42,FlatAffineAccess,test,Tst,1000000000.0,../gen/Tst_test/FlatAffineAccess/log/runproute.log,../gen/Tst_test/FlatAffineAccess/log/runproute.sh,../gen/Tst_test/FlatAffineAccess/plastisim/summary.csv,../gen/Tst_test/FlatAffineAccess/pir/AccelMain.scala,../gen/Tst_test/FlatAffineAccess/log/,../gen/Tst_test/FlatAffineAccess/log/gentst.log,../gen/Tst_test/FlatAffineAccess/pir/out/resource.csv,../gen/Tst_test/FlatAffineAccess/log/maketst.log,../gen/Tst_test/FlatAffineAccess/log/runp2p.log,../gen/Tst_test/FlatAffineAccess/log/runhybrid.log,../gen/Tst_test/FlatAffineAccess/log/p2pstat.log,False,,,,,,,,,,,,,,,,,,,,,,,,,,,,,,,,,,,,,,,,,False,False,,,,,,,,False,False,,,,,,,,,,,False,False,False
481d287,b0af048,2019-10-07 22:10:42,Float32ToInt8,test,Tst,1000000000.0,../gen/Tst_test/Float32ToInt8/log/runproute.log,../gen/Tst_test/Float32ToInt8/log/runproute.sh,../gen/Tst_test/Float32ToInt8/plastisim/summary.csv,../gen/Tst_test/Float32ToInt8/pir/AccelMain.scala,../gen/Tst_test/Float32ToInt8/log/,../gen/Tst_test/Float32ToInt8/log/gentst.log,../gen/Tst_test/Float32ToInt8/pir/out/resource.csv,../gen/Tst_test/Float32ToInt8/log/maketst.log,../gen/Tst_test/Float32ToInt8/log/runp2p.log,../gen/Tst_test/Float32ToInt8/log/runhybrid.log,../gen/Tst_test/Float32ToInt8/log/p2pstat.log,True,,,15.446093659,,20,20,3,5,3,4,40,40,200,200,,,,,,,,,,,,,,,,,,,,,,,0:41.81,2265,,,False,True,,1.80839,0.452097,0:00.61,,,,False,False,,,,,"4274 OP, 1.89 GOPS","4274 OP, 1.89 GOPS","1168 OP, 0.52 GOPS","3090 OP, 1.36 GOPS","16 OP, 0.01 GOPS","3250 OP, 1.43 GOPS",True,False,True
481d287,b0af048,2019-10-07 22:10:42,FloatBasics,test,Tst,1000000000.0,../gen/Tst_test/FloatBasics/log/runproute.log,../gen/Tst_test/FloatBasics/log/runproute.sh,../gen/Tst_test/FloatBasics/plastisim/summary.csv,../gen/Tst_test/FloatBasics/pir/AccelMain.scala,../gen/Tst_test/FloatBasics/log/,../gen/Tst_test/FloatBasics/log/gentst.log,../gen/Tst_test/FloatBasics/pir/out/resource.csv,../gen/Tst_test/FloatBasics/log/maketst.log,../gen/Tst_test/FloatBasics/log/runp2p.log,../gen/Tst_test/FloatBasics/log/runhybrid.log,../gen/Tst_test/FloatBasics/log/p2pstat.log,True,,,7.011343686,,20,20,0,0,0,4,40,40,200,200,,,,,,,,,,,,,,,,,,,,,,,0:30.08,22,,True,False,True,,0.0,0.0,0:00.47,,,,False,False,,,,,"10 OP, 0.45 GOPS","10 OP, 0.45 GOPS",,"10 OP, 0.45 GOPS",,"10 OP, 0.45 GOPS",True,False,True
481d287,b0af048,2019-10-07 22:10:42,FloatBasics2,test,Tst,1000000000.0,../gen/Tst_test/FloatBasics2/log/runproute.log,../gen/Tst_test/FloatBasics2/log/runproute.sh,../gen/Tst_test/FloatBasics2/plastisim/summary.csv,../gen/Tst_test/FloatBasics2/pir/AccelMain.scala,../gen/Tst_test/FloatBasics2/log/,../gen/Tst_test/FloatBasics2/log/gentst.log,../gen/Tst_test/FloatBasics2/pir/out/resource.csv,../gen/Tst_test/FloatBasics2/log/maketst.log,../gen/Tst_test/FloatBasics2/log/runp2p.log,../gen/Tst_test/FloatBasics2/log/runhybrid.log,../gen/Tst_test/FloatBasics2/log/p2pstat.log,True,,"[[31merror[0m] Constrain failed on MemoryContainer703
",14.427221137,,20,20,,,,,,,,,,,,,,,,,,,,,,,,,,,,,,,,,,,False,False,,,,,,,,False,False,,,,,,,,,,,False,False,False
481d287,b0af048,2019-10-07 22:10:42,FloatBasics3,test,Tst,1000000000.0,../gen/Tst_test/FloatBasics3/log/runproute.log,../gen/Tst_test/FloatBasics3/log/runproute.sh,../gen/Tst_test/FloatBasics3/plastisim/summary.csv,../gen/Tst_test/FloatBasics3/pir/AccelMain.scala,../gen/Tst_test/FloatBasics3/log/,../gen/Tst_test/FloatBasics3/log/gentst.log,../gen/Tst_test/FloatBasics3/pir/out/resource.csv,../gen/Tst_test/FloatBasics3/log/maketst.log,../gen/Tst_test/FloatBasics3/log/runp2p.log,../gen/Tst_test/FloatBasics3/log/runhybrid.log,../gen/Tst_test/FloatBasics3/log/p2pstat.log,True,,,,,,,,,,,,,,,,,,,,,,,,,,,,,,,,,,,,,,,,,False,False,,,,,,,,False,False,,,,,,,,,,,False,False,False
481d287,b0af048,2019-10-07 22:10:42,FloatTransfer,test,Tst,1000000000.0,../gen/Tst_test/FloatTransfer/log/runproute.log,../gen/Tst_test/FloatTransfer/log/runproute.sh,../gen/Tst_test/FloatTransfer/plastisim/summary.csv,../gen/Tst_test/FloatTransfer/pir/AccelMain.scala,../gen/Tst_test/FloatTransfer/log/,../gen/Tst_test/FloatTransfer/log/gentst.log,../gen/Tst_test/FloatTransfer/pir/out/resource.csv,../gen/Tst_test/FloatTransfer/log/maketst.log,../gen/Tst_test/FloatTransfer/log/runp2p.log,../gen/Tst_test/FloatTransfer/log/runhybrid.log,../gen/Tst_test/FloatTransfer/log/p2pstat.log,True,,,12.014210216,,20,20,2,5,2,1,40,40,200,200,,,,,,,,,,,,,,,,,,,,,,,0:35.14,536,,True,False,True,,1.91045,1.91045,0:00.50,,,,False,False,,,,,"768 OP, 1.43 GOPS","768 OP, 1.43 GOPS","512 OP, 0.96 GOPS","256 OP, 0.48 GOPS",,"768 OP, 1.43 GOPS",True,False,True
481d287,b0af048,2019-10-07 22:10:42,FltPtArgInOut,test,Tst,1000000000.0,../gen/Tst_test/FltPtArgInOut/log/runproute.log,../gen/Tst_test/FltPtArgInOut/log/runproute.sh,../gen/Tst_test/FltPtArgInOut/plastisim/summary.csv,../gen/Tst_test/FltPtArgInOut/pir/AccelMain.scala,../gen/Tst_test/FltPtArgInOut/log/,../gen/Tst_test/FltPtArgInOut/log/gentst.log,../gen/Tst_test/FltPtArgInOut/pir/out/resource.csv,../gen/Tst_test/FltPtArgInOut/log/maketst.log,../gen/Tst_test/FltPtArgInOut/log/runp2p.log,../gen/Tst_test/FltPtArgInOut/log/runhybrid.log,../gen/Tst_test/FltPtArgInOut/log/p2pstat.log,True,,,6.79478786,,20,20,0,0,0,1,40,40,200,200,,,,,,,,,,,,,,,,,,,,,,,0:27.31,13,,,False,True,,0.0,0.0,0:00.46,,,,False,False,,,,,"1 OP, 0.08 GOPS","1 OP, 0.08 GOPS",,"1 OP, 0.08 GOPS",,"1 OP, 0.08 GOPS",True,False,True
481d287,b0af048,2019-10-07 22:10:42,FoldSimple,test,Tst,1000000000.0,../gen/Tst_test/FoldSimple/log/runproute.log,../gen/Tst_test/FoldSimple/log/runproute.sh,../gen/Tst_test/FoldSimple/plastisim/summary.csv,../gen/Tst_test/FoldSimple/pir/AccelMain.scala,../gen/Tst_test/FoldSimple/log/,../gen/Tst_test/FoldSimple/log/gentst.log,../gen/Tst_test/FoldSimple/pir/out/resource.csv,../gen/Tst_test/FoldSimple/log/maketst.log,../gen/Tst_test/FoldSimple/log/runp2p.log,../gen/Tst_test/FoldSimple/log/runhybrid.log,../gen/Tst_test/FoldSimple/log/p2pstat.log,True,,,13.836371976,,20,20,1,4,1,1,40,40,200,200,,,,,,,,,,,,,,,,,,,,,,,0:32.03,1981,,,False,True,,3.87683,0.0,0:00.46,,,,False,False,,,,,"44880 OP, 22.66 GOPS","6480 OP, 3.27 GOPS","8280 OP, 4.18 GOPS",,"36600 OP, 18.48 GOPS","6480 OP, 3.27 GOPS",True,False,True
481d287,b0af048,2019-10-07 22:10:42,FoldSimple2,test,Tst,1000000000.0,../gen/Tst_test/FoldSimple2/log/runproute.log,../gen/Tst_test/FoldSimple2/log/runproute.sh,../gen/Tst_test/FoldSimple2/plastisim/summary.csv,../gen/Tst_test/FoldSimple2/pir/AccelMain.scala,../gen/Tst_test/FoldSimple2/log/,../gen/Tst_test/FoldSimple2/log/gentst.log,../gen/Tst_test/FoldSimple2/pir/out/resource.csv,../gen/Tst_test/FoldSimple2/log/maketst.log,../gen/Tst_test/FoldSimple2/log/runp2p.log,../gen/Tst_test/FoldSimple2/log/runhybrid.log,../gen/Tst_test/FoldSimple2/log/p2pstat.log,True,,,13.772617675,,20,20,1,5,1,1,40,40,200,200,,,,,,,,,,,,,,,,,,,,,,,0:35.04,2288,,,False,True,,3.35664,0.0,0:00.45,,,,False,False,,,,,"80644 OP, 35.25 GOPS","11524 OP, 5.04 GOPS","11524 OP, 5.04 GOPS",,"69120 OP, 30.21 GOPS","11524 OP, 5.04 GOPS",True,False,True
481d287,b0af048,2019-10-07 22:10:42,ForeachSimple,test,Tst,1000000000.0,../gen/Tst_test/ForeachSimple/log/runproute.log,../gen/Tst_test/ForeachSimple/log/runproute.sh,../gen/Tst_test/ForeachSimple/plastisim/summary.csv,../gen/Tst_test/ForeachSimple/pir/AccelMain.scala,../gen/Tst_test/ForeachSimple/log/,../gen/Tst_test/ForeachSimple/log/gentst.log,../gen/Tst_test/ForeachSimple/pir/out/resource.csv,../gen/Tst_test/ForeachSimple/log/maketst.log,../gen/Tst_test/ForeachSimple/log/runp2p.log,../gen/Tst_test/ForeachSimple/log/runhybrid.log,../gen/Tst_test/ForeachSimple/log/p2pstat.log,True,,,10.303613291,,20,20,0,2,1,0,40,40,200,200,,,,,,,,,,,,,,,,,,,,,,,0:27.09,117,,True,False,True,,0.0,0.0,0:00.40,,,,False,False,,,,,"96 OP, 0.82 GOPS","96 OP, 0.82 GOPS","96 OP, 0.82 GOPS",,,"96 OP, 0.82 GOPS",True,False,True
481d287,b0af048,2019-10-07 22:10:42,ForeachSimple2,test,Tst,1000000000.0,../gen/Tst_test/ForeachSimple2/log/runproute.log,../gen/Tst_test/ForeachSimple2/log/runproute.sh,../gen/Tst_test/ForeachSimple2/plastisim/summary.csv,../gen/Tst_test/ForeachSimple2/pir/AccelMain.scala,../gen/Tst_test/ForeachSimple2/log/,../gen/Tst_test/ForeachSimple2/log/gentst.log,../gen/Tst_test/ForeachSimple2/pir/out/resource.csv,../gen/Tst_test/ForeachSimple2/log/maketst.log,../gen/Tst_test/ForeachSimple2/log/runp2p.log,../gen/Tst_test/ForeachSimple2/log/runhybrid.log,../gen/Tst_test/ForeachSimple2/log/p2pstat.log,True,,,8.260485638,,20,20,0,3,1,0,40,40,200,200,,,,,,,,,,,,,,,,,,,,,,,0:29.40,117,,True,False,True,,0.0,0.0,0:00.52,,,,False,False,,,,,"96 OP, 0.82 GOPS","96 OP, 0.82 GOPS","96 OP, 0.82 GOPS",,,"96 OP, 0.82 GOPS",True,False,True
481d287,b0af048,2019-10-07 22:10:42,ForeachWithBranch,test,Tst,1000000000.0,../gen/Tst_test/ForeachWithBranch/log/runproute.log,../gen/Tst_test/ForeachWithBranch/log/runproute.sh,../gen/Tst_test/ForeachWithBranch/plastisim/summary.csv,../gen/Tst_test/ForeachWithBranch/pir/AccelMain.scala,../gen/Tst_test/ForeachWithBranch/log/,../gen/Tst_test/ForeachWithBranch/log/gentst.log,../gen/Tst_test/ForeachWithBranch/pir/out/resource.csv,../gen/Tst_test/ForeachWithBranch/log/maketst.log,../gen/Tst_test/ForeachWithBranch/log/runp2p.log,../gen/Tst_test/ForeachWithBranch/log/runhybrid.log,../gen/Tst_test/ForeachWithBranch/log/p2pstat.log,True,,,11.331968382,,20,20,0,3,1,0,40,40,200,200,,,,,,,,,,,,,,,,,,,,,,,0:28.12,,"[0;31mCaught exception on cycle 12: /DUT/Top/SRAM15/SRAM15_b0: Setup Write SRAM twice in the same cycle. [0m
",True,False,False,,0.0,0.0,0:00.55,,,,False,False,,,,,,,,,,,False,False,False
481d287,b0af048,2019-10-07 22:10:42,FriendlyTest,test,Tst,1000000000.0,../gen/Tst_test/FriendlyTest/log/runproute.log,../gen/Tst_test/FriendlyTest/log/runproute.sh,../gen/Tst_test/FriendlyTest/plastisim/summary.csv,../gen/Tst_test/FriendlyTest/pir/AccelMain.scala,../gen/Tst_test/FriendlyTest/log/,../gen/Tst_test/FriendlyTest/log/gentst.log,../gen/Tst_test/FriendlyTest/pir/out/resource.csv,../gen/Tst_test/FriendlyTest/log/maketst.log,../gen/Tst_test/FriendlyTest/log/runp2p.log,../gen/Tst_test/FriendlyTest/log/runhybrid.log,../gen/Tst_test/FriendlyTest/log/p2pstat.log,True,,,8.196970182,,20,20,0,1,0,0,40,40,200,200,,,,,,,,,,,,,,,,,,,,,,,0:27.38,13,,,False,True,,0.0,0.0,0:00.44,,,,False,False,,,,,"1 OP, 0.08 GOPS","1 OP, 0.08 GOPS","1 OP, 0.08 GOPS",,,"1 OP, 0.08 GOPS",True,False,True
481d287,b0af048,2019-10-07 22:10:42,FunctionApproximations,test,Tst,1000000000.0,../gen/Tst_test/FunctionApproximations/log/runproute.log,../gen/Tst_test/FunctionApproximations/log/runproute.sh,../gen/Tst_test/FunctionApproximations/plastisim/summary.csv,../gen/Tst_test/FunctionApproximations/pir/AccelMain.scala,../gen/Tst_test/FunctionApproximations/log/,../gen/Tst_test/FunctionApproximations/log/gentst.log,../gen/Tst_test/FunctionApproximations/pir/out/resource.csv,../gen/Tst_test/FunctionApproximations/log/maketst.log,../gen/Tst_test/FunctionApproximations/log/runp2p.log,../gen/Tst_test/FunctionApproximations/log/runhybrid.log,../gen/Tst_test/FunctionApproximations/log/p2pstat.log,True,,,19.998423248,,20,20,6,27,6,7,40,40,200,200,,,,,,,,,,,,,,,,,,,,,,,1:04.85,12774,"Assertion fail:
",True,True,False,,0.0801628,1.16236,0:01.70,,,,False,False,,,,,,,,,,,False,False,False
481d287,b0af048,2019-10-07 22:10:42,GDA,test,Tst,1000000000.0,../gen/Tst_test/GDA/log/runproute.log,../gen/Tst_test/GDA/log/runproute.sh,../gen/Tst_test/GDA/plastisim/summary.csv,../gen/Tst_test/GDA/pir/AccelMain.scala,../gen/Tst_test/GDA/log/,../gen/Tst_test/GDA/log/gentst.log,../gen/Tst_test/GDA/pir/out/resource.csv,../gen/Tst_test/GDA/log/maketst.log,../gen/Tst_test/GDA/log/runp2p.log,../gen/Tst_test/GDA/log/runhybrid.log,../gen/Tst_test/GDA/log/p2pstat.log,True,,,80.299668151,,20,20,7,10,26,47,40,40,200,200,,,,,,,,,,,,,,,,,,,,,,,3:29.15,11589,,True,False,True,,2.20899,3.18095,0:05.26,,,,False,False,,,,,"14646794 OP, 1263.85 GOPS","8196490 OP, 707.26 GOPS","9108874 OP, 785.99 GOPS",,"5537920 OP, 477.86 GOPS","8196490 OP, 707.26 GOPS",True,False,True
481d287,b0af048,2019-10-07 22:10:42,GEMMLibFloatParTest,test,Tst,1000000000.0,../gen/Tst_test/GEMMLibFloatParTest/log/runproute.log,../gen/Tst_test/GEMMLibFloatParTest/log/runproute.sh,../gen/Tst_test/GEMMLibFloatParTest/plastisim/summary.csv,../gen/Tst_test/GEMMLibFloatParTest/pir/AccelMain.scala,../gen/Tst_test/GEMMLibFloatParTest/log/,../gen/Tst_test/GEMMLibFloatParTest/log/gentst.log,../gen/Tst_test/GEMMLibFloatParTest/pir/out/resource.csv,../gen/Tst_test/GEMMLibFloatParTest/log/maketst.log,../gen/Tst_test/GEMMLibFloatParTest/log/runp2p.log,../gen/Tst_test/GEMMLibFloatParTest/log/runhybrid.log,../gen/Tst_test/GEMMLibFloatParTest/log/p2pstat.log,True,,,22.04419896,,20,20,3,23,4,3,40,40,200,200,,,,,,,,,,,,,,,,,,,,,,,1:03.82,1041,,,False,True,,1.4755,0.491835,0:00.41,,,,False,False,,,,,"18592 OP, 17.86 GOPS","14560 OP, 13.99 GOPS","11616 OP, 11.16 GOPS","192 OP, 0.18 GOPS","6784 OP, 6.52 GOPS","6624 OP, 6.36 GOPS",True,False,True
481d287,b0af048,2019-10-07 22:10:42,GEMMLibFloatTest,test,Tst,1000000000.0,../gen/Tst_test/GEMMLibFloatTest/log/runproute.log,../gen/Tst_test/GEMMLibFloatTest/log/runproute.sh,../gen/Tst_test/GEMMLibFloatTest/plastisim/summary.csv,../gen/Tst_test/GEMMLibFloatTest/pir/AccelMain.scala,../gen/Tst_test/GEMMLibFloatTest/log/,../gen/Tst_test/GEMMLibFloatTest/log/gentst.log,../gen/Tst_test/GEMMLibFloatTest/pir/out/resource.csv,../gen/Tst_test/GEMMLibFloatTest/log/maketst.log,../gen/Tst_test/GEMMLibFloatTest/log/runp2p.log,../gen/Tst_test/GEMMLibFloatTest/log/runhybrid.log,../gen/Tst_test/GEMMLibFloatTest/log/p2pstat.log,True,,,25.112814995,,20,20,3,24,4,2,40,40,200,200,,,,,,,,,,,,,,,,,,,,,,,0:54.93,1526,,,False,True,,1.00655,0.335518,0:00.65,,,,False,False,,,,,"13472 OP, 8.83 GOPS","9440 OP, 6.19 GOPS","8544 OP, 5.60 GOPS","192 OP, 0.13 GOPS","4736 OP, 3.10 GOPS","3552 OP, 2.33 GOPS",True,False,True
481d287,b0af048,2019-10-07 22:10:42,GEMMLibHalfParTest,test,Tst,1000000000.0,../gen/Tst_test/GEMMLibHalfParTest/log/runproute.log,../gen/Tst_test/GEMMLibHalfParTest/log/runproute.sh,../gen/Tst_test/GEMMLibHalfParTest/plastisim/summary.csv,../gen/Tst_test/GEMMLibHalfParTest/pir/AccelMain.scala,../gen/Tst_test/GEMMLibHalfParTest/log/,../gen/Tst_test/GEMMLibHalfParTest/log/gentst.log,../gen/Tst_test/GEMMLibHalfParTest/pir/out/resource.csv,../gen/Tst_test/GEMMLibHalfParTest/log/maketst.log,../gen/Tst_test/GEMMLibHalfParTest/log/runp2p.log,../gen/Tst_test/GEMMLibHalfParTest/log/runhybrid.log,../gen/Tst_test/GEMMLibHalfParTest/log/p2pstat.log,True,,,25.508952473,,20,20,3,23,4,3,40,40,200,200,,,,,,,,,,,,,,,,,,,,,,,1:05.45,1436,"Assertion fail:
",,False,False,,0.534819,0.178273,0:00.84,,,,False,False,,,,,,,,,,,False,False,False
481d287,b0af048,2019-10-07 22:10:42,GEMMLibHalfTest,test,Tst,1000000000.0,../gen/Tst_test/GEMMLibHalfTest/log/runproute.log,../gen/Tst_test/GEMMLibHalfTest/log/runproute.sh,../gen/Tst_test/GEMMLibHalfTest/plastisim/summary.csv,../gen/Tst_test/GEMMLibHalfTest/pir/AccelMain.scala,../gen/Tst_test/GEMMLibHalfTest/log/,../gen/Tst_test/GEMMLibHalfTest/log/gentst.log,../gen/Tst_test/GEMMLibHalfTest/pir/out/resource.csv,../gen/Tst_test/GEMMLibHalfTest/log/maketst.log,../gen/Tst_test/GEMMLibHalfTest/log/runp2p.log,../gen/Tst_test/GEMMLibHalfTest/log/runhybrid.log,../gen/Tst_test/GEMMLibHalfTest/log/p2pstat.log,True,,,26.700948694,,20,20,3,24,4,2,40,40,200,200,,,,,,,,,,,,,,,,,,,,,,,1:02.60,1891,"Command terminated by signal 11
",,False,False,,0.406134,0.135378,0:00.84,,,,False,False,,,,,,,,,,,False,False,False
481d287,b0af048,2019-10-07 22:10:42,GEMMLibIntParTest,test,Tst,1000000000.0,../gen/Tst_test/GEMMLibIntParTest/log/runproute.log,../gen/Tst_test/GEMMLibIntParTest/log/runproute.sh,../gen/Tst_test/GEMMLibIntParTest/plastisim/summary.csv,../gen/Tst_test/GEMMLibIntParTest/pir/AccelMain.scala,../gen/Tst_test/GEMMLibIntParTest/log/,../gen/Tst_test/GEMMLibIntParTest/log/gentst.log,../gen/Tst_test/GEMMLibIntParTest/pir/out/resource.csv,../gen/Tst_test/GEMMLibIntParTest/log/maketst.log,../gen/Tst_test/GEMMLibIntParTest/log/runp2p.log,../gen/Tst_test/GEMMLibIntParTest/log/runhybrid.log,../gen/Tst_test/GEMMLibIntParTest/log/p2pstat.log,True,,,21.82660565,,20,20,3,24,4,2,40,40,200,200,,,,,,,,,,,,,,,,,,,,,,,1:00.13,1041,,,False,True,,1.4755,0.491835,0:00.55,,,,False,False,,,,,"18464 OP, 17.74 GOPS","6560 OP, 6.30 GOPS","11680 OP, 11.22 GOPS",,"6784 OP, 6.52 GOPS","6560 OP, 6.30 GOPS",True,False,True
481d287,b0af048,2019-10-07 22:10:42,GEMMLibIntTest,test,Tst,1000000000.0,../gen/Tst_test/GEMMLibIntTest/log/runproute.log,../gen/Tst_test/GEMMLibIntTest/log/runproute.sh,../gen/Tst_test/GEMMLibIntTest/plastisim/summary.csv,../gen/Tst_test/GEMMLibIntTest/pir/AccelMain.scala,../gen/Tst_test/GEMMLibIntTest/log/,../gen/Tst_test/GEMMLibIntTest/log/gentst.log,../gen/Tst_test/GEMMLibIntTest/pir/out/resource.csv,../gen/Tst_test/GEMMLibIntTest/log/maketst.log,../gen/Tst_test/GEMMLibIntTest/log/runp2p.log,../gen/Tst_test/GEMMLibIntTest/log/runhybrid.log,../gen/Tst_test/GEMMLibIntTest/log/p2pstat.log,True,,,27.384098236,,20,20,3,25,4,1,40,40,200,200,,,,,,,,,,,,,,,,,,,,,,,0:59.76,1526,,,False,True,,1.00655,0.335518,0:00.41,,,,False,False,,,,,"13344 OP, 8.74 GOPS","3488 OP, 2.29 GOPS","8608 OP, 5.64 GOPS",,"4736 OP, 3.10 GOPS","3488 OP, 2.29 GOPS",True,False,True
481d287,b0af048,2019-10-07 22:10:42,GEMM_Blocked,test,Tst,1000000000.0,../gen/Tst_test/GEMM_Blocked/log/runproute.log,../gen/Tst_test/GEMM_Blocked/log/runproute.sh,../gen/Tst_test/GEMM_Blocked/plastisim/summary.csv,../gen/Tst_test/GEMM_Blocked/pir/AccelMain.scala,../gen/Tst_test/GEMM_Blocked/log/,../gen/Tst_test/GEMM_Blocked/log/gentst.log,../gen/Tst_test/GEMM_Blocked/pir/out/resource.csv,../gen/Tst_test/GEMM_Blocked/log/maketst.log,../gen/Tst_test/GEMM_Blocked/log/runp2p.log,../gen/Tst_test/GEMM_Blocked/log/runhybrid.log,../gen/Tst_test/GEMM_Blocked/log/p2pstat.log,True,,,38.897979072,,20,20,3,20,8,0,40,40,200,200,,,,,,,,,,,,,,,,,,,,,,,0:56.41,3934584,,True,False,True,,0.166564,0.0166564,6:24.74,,,,False,False,,,,,"54691840 OP, 13.90 GOPS","8838144 OP, 2.25 GOPS","11962368 OP, 3.04 GOPS",,"42729472 OP, 10.86 GOPS","8838144 OP, 2.25 GOPS",True,False,True
481d287,b0af048,2019-10-07 22:10:42,GEMM_NCubed,test,Tst,1000000000.0,../gen/Tst_test/GEMM_NCubed/log/runproute.log,../gen/Tst_test/GEMM_NCubed/log/runproute.sh,../gen/Tst_test/GEMM_NCubed/plastisim/summary.csv,../gen/Tst_test/GEMM_NCubed/pir/AccelMain.scala,../gen/Tst_test/GEMM_NCubed/log/,../gen/Tst_test/GEMM_NCubed/log/gentst.log,../gen/Tst_test/GEMM_NCubed/pir/out/resource.csv,../gen/Tst_test/GEMM_NCubed/log/maketst.log,../gen/Tst_test/GEMM_NCubed/log/runp2p.log,../gen/Tst_test/GEMM_NCubed/log/runhybrid.log,../gen/Tst_test/GEMM_NCubed/log/p2pstat.log,True,,,19.115435584,,20,20,3,7,3,0,40,40,200,200,,,,,,,,,,,,,,,,,,,,,,,0:35.94,270402,,True,False,True,,0.121183,0.0605913,0:06.20,,,,False,False,,,,,"1606208 OP, 5.94 GOPS","576 OP, 0.00 GOPS","1081920 OP, 4.00 GOPS",,"524288 OP, 1.94 GOPS","576 OP, 0.00 GOPS",True,False,True
481d287,b0af048,2019-10-07 22:10:42,GEMV,test,Tst,1000000000.0,../gen/Tst_test/GEMV/log/runproute.log,../gen/Tst_test/GEMV/log/runproute.sh,../gen/Tst_test/GEMV/plastisim/summary.csv,../gen/Tst_test/GEMV/pir/AccelMain.scala,../gen/Tst_test/GEMV/log/,../gen/Tst_test/GEMV/log/gentst.log,../gen/Tst_test/GEMV/pir/out/resource.csv,../gen/Tst_test/GEMV/log/maketst.log,../gen/Tst_test/GEMV/log/runp2p.log,../gen/Tst_test/GEMV/log/runhybrid.log,../gen/Tst_test/GEMV/log/p2pstat.log,True,,,20.11664264,,20,20,3,12,3,1,40,40,200,200,,,,,,,,,,,,,,,,,,,,,,,0:50.15,262373,,,False,True,,7.99302,0.00780568,0:15.62,,,,False,False,,,,,"3204120 OP, 12.21 GOPS","839704 OP, 3.20 GOPS","569368 OP, 2.17 GOPS",,"2634752 OP, 10.04 GOPS","839704 OP, 3.20 GOPS",True,False,True
481d287,b0af048,2019-10-07 22:10:42,GatherFIFO,test,Tst,1000000000.0,../gen/Tst_test/GatherFIFO/log/runproute.log,../gen/Tst_test/GatherFIFO/log/runproute.sh,../gen/Tst_test/GatherFIFO/plastisim/summary.csv,../gen/Tst_test/GatherFIFO/pir/AccelMain.scala,../gen/Tst_test/GatherFIFO/log/,../gen/Tst_test/GatherFIFO/log/gentst.log,../gen/Tst_test/GatherFIFO/pir/out/resource.csv,../gen/Tst_test/GatherFIFO/log/maketst.log,../gen/Tst_test/GatherFIFO/log/runp2p.log,../gen/Tst_test/GatherFIFO/log/runhybrid.log,../gen/Tst_test/GatherFIFO/log/p2pstat.log,True,,"[0m[[0m[31merror[0m] [0m[0m/home/yaqiz/pldi20/spatial/gen/Tst_test/GatherFIFO/pir/AccelMain.scala:90:68: not found: value x271[0m
",,,,,,,,,,,,,,,,,,,,,,,,,,,,,,,,,,,,,,,False,False,,,,,,,,False,False,,,,,,,,,,,False,False,False
481d287,b0af048,2019-10-07 22:10:42,GatherStore,test,Tst,1000000000.0,../gen/Tst_test/GatherStore/log/runproute.log,../gen/Tst_test/GatherStore/log/runproute.sh,../gen/Tst_test/GatherStore/plastisim/summary.csv,../gen/Tst_test/GatherStore/pir/AccelMain.scala,../gen/Tst_test/GatherStore/log/,../gen/Tst_test/GatherStore/log/gentst.log,../gen/Tst_test/GatherStore/pir/out/resource.csv,../gen/Tst_test/GatherStore/log/maketst.log,../gen/Tst_test/GatherStore/log/runp2p.log,../gen/Tst_test/GatherStore/log/runhybrid.log,../gen/Tst_test/GatherStore/log/p2pstat.log,True,,,11.150683188,,20,20,3,3,2,2,40,40,200,200,,,,,,,,,,,,,,,,,,,,,,,0:36.44,14538,,True,False,True,,20.7654,3.5218,0:00.84,,,,False,False,,,,,"90200 OP, 6.20 GOPS","90200 OP, 6.20 GOPS","90200 OP, 6.20 GOPS",,,"90200 OP, 6.20 GOPS",True,False,True
481d287,b0af048,2019-10-07 22:10:42,GatherStore2,test,Tst,1000000000.0,../gen/Tst_test/GatherStore2/log/runproute.log,../gen/Tst_test/GatherStore2/log/runproute.sh,../gen/Tst_test/GatherStore2/plastisim/summary.csv,../gen/Tst_test/GatherStore2/pir/AccelMain.scala,../gen/Tst_test/GatherStore2/log/,../gen/Tst_test/GatherStore2/log/gentst.log,../gen/Tst_test/GatherStore2/pir/out/resource.csv,../gen/Tst_test/GatherStore2/log/maketst.log,../gen/Tst_test/GatherStore2/log/runp2p.log,../gen/Tst_test/GatherStore2/log/runhybrid.log,../gen/Tst_test/GatherStore2/log/p2pstat.log,True,,,16.83782389,,20,20,3,3,2,5,40,40,200,200,,,,,,,,,,,,,,,,,,,,,,,0:40.84,151,,True,False,True,,6.35762,1.69536,0:00.50,,,,False,False,,,,,"716 OP, 4.74 GOPS","460 OP, 3.05 GOPS","460 OP, 3.05 GOPS",,"256 OP, 1.70 GOPS","460 OP, 3.05 GOPS",True,False,True
481d287,b0af048,2019-10-07 22:10:42,Gibbs_Ising2D,test,Tst,1000000000.0,../gen/Tst_test/Gibbs_Ising2D/log/runproute.log,../gen/Tst_test/Gibbs_Ising2D/log/runproute.sh,../gen/Tst_test/Gibbs_Ising2D/plastisim/summary.csv,../gen/Tst_test/Gibbs_Ising2D/pir/AccelMain.scala,../gen/Tst_test/Gibbs_Ising2D/log/,../gen/Tst_test/Gibbs_Ising2D/log/gentst.log,../gen/Tst_test/Gibbs_Ising2D/pir/out/resource.csv,../gen/Tst_test/Gibbs_Ising2D/log/maketst.log,../gen/Tst_test/Gibbs_Ising2D/log/runp2p.log,../gen/Tst_test/Gibbs_Ising2D/log/runhybrid.log,../gen/Tst_test/Gibbs_Ising2D/log/p2pstat.log,False,[error] //TODO: Plasticine does not support unbanked unrolled access at the moment. ,,,,,,,,,,,,,,,,,,,,,,,,,,,,,,,,,,,,,,,,False,False,,,,,,,,False,False,,,,,,,,,,,False,False,False
481d287,b0af048,2019-10-07 22:10:42,HalfBasics,test,Tst,1000000000.0,../gen/Tst_test/HalfBasics/log/runproute.log,../gen/Tst_test/HalfBasics/log/runproute.sh,../gen/Tst_test/HalfBasics/plastisim/summary.csv,../gen/Tst_test/HalfBasics/pir/AccelMain.scala,../gen/Tst_test/HalfBasics/log/,../gen/Tst_test/HalfBasics/log/gentst.log,../gen/Tst_test/HalfBasics/pir/out/resource.csv,../gen/Tst_test/HalfBasics/log/maketst.log,../gen/Tst_test/HalfBasics/log/runp2p.log,../gen/Tst_test/HalfBasics/log/runhybrid.log,../gen/Tst_test/HalfBasics/log/p2pstat.log,True,,"[[31merror[0m] Constrain failed on MemoryContainer1507
",49.745511018,,20,20,,,,,,,,,,,,,,,,,,,,,,,,,,,,,,,,,,,False,False,,,,,,,,False,False,,,,,,,,,,,False,False,False
481d287,b0af048,2019-10-07 22:10:42,HalfTest,test,Tst,1000000000.0,../gen/Tst_test/HalfTest/log/runproute.log,../gen/Tst_test/HalfTest/log/runproute.sh,../gen/Tst_test/HalfTest/plastisim/summary.csv,../gen/Tst_test/HalfTest/pir/AccelMain.scala,../gen/Tst_test/HalfTest/log/,../gen/Tst_test/HalfTest/log/gentst.log,../gen/Tst_test/HalfTest/pir/out/resource.csv,../gen/Tst_test/HalfTest/log/maketst.log,../gen/Tst_test/HalfTest/log/runp2p.log,../gen/Tst_test/HalfTest/log/runhybrid.log,../gen/Tst_test/HalfTest/log/p2pstat.log,True,,,8.804547429,,20,20,0,1,0,0,40,40,200,200,,,,,,,,,,,,,,,,,,,,,,,0:29.64,13,,,False,True,,0.0,0.0,0:00.48,,,,False,False,,,,,"1 OP, 0.08 GOPS","1 OP, 0.08 GOPS",,,"1 OP, 0.08 GOPS","1 OP, 0.08 GOPS",True,False,True
481d287,b0af048,2019-10-07 22:10:42,HostIOLoop,test,Tst,1000000000.0,../gen/Tst_test/HostIOLoop/log/runproute.log,../gen/Tst_test/HostIOLoop/log/runproute.sh,../gen/Tst_test/HostIOLoop/plastisim/summary.csv,../gen/Tst_test/HostIOLoop/pir/AccelMain.scala,../gen/Tst_test/HostIOLoop/log/,../gen/Tst_test/HostIOLoop/log/gentst.log,../gen/Tst_test/HostIOLoop/pir/out/resource.csv,../gen/Tst_test/HostIOLoop/log/maketst.log,../gen/Tst_test/HostIOLoop/log/runp2p.log,../gen/Tst_test/HostIOLoop/log/runhybrid.log,../gen/Tst_test/HostIOLoop/log/p2pstat.log,True,,"[[31merror[0m] Plasticine doesn't support HostIO
",1.480393214,,20,20,,,,,,,,,,,,,,,,,,,,,,,,,,,,,,,,,,,False,False,,,,,,,,False,False,,,,,,,,,,,False,False,False
481d287,b0af048,2019-10-07 22:10:42,IfThenElseBoolean,test,Tst,1000000000.0,../gen/Tst_test/IfThenElseBoolean/log/runproute.log,../gen/Tst_test/IfThenElseBoolean/log/runproute.sh,../gen/Tst_test/IfThenElseBoolean/plastisim/summary.csv,../gen/Tst_test/IfThenElseBoolean/pir/AccelMain.scala,../gen/Tst_test/IfThenElseBoolean/log/,../gen/Tst_test/IfThenElseBoolean/log/gentst.log,../gen/Tst_test/IfThenElseBoolean/pir/out/resource.csv,../gen/Tst_test/IfThenElseBoolean/log/maketst.log,../gen/Tst_test/IfThenElseBoolean/log/runp2p.log,../gen/Tst_test/IfThenElseBoolean/log/runhybrid.log,../gen/Tst_test/IfThenElseBoolean/log/p2pstat.log,True,,,6.636364072,,20,20,0,0,0,0,40,40,200,200,,,,,,,,,,,,,,,,,,,,,,,0:16.04,,,,False,True,,,,0:00.00,,,,False,False,,,,,,,,,,,True,False,True
481d287,b0af048,2019-10-07 22:10:42,IfThenElseDouble,test,Tst,1000000000.0,../gen/Tst_test/IfThenElseDouble/log/runproute.log,../gen/Tst_test/IfThenElseDouble/log/runproute.sh,../gen/Tst_test/IfThenElseDouble/plastisim/summary.csv,../gen/Tst_test/IfThenElseDouble/pir/AccelMain.scala,../gen/Tst_test/IfThenElseDouble/log/,../gen/Tst_test/IfThenElseDouble/log/gentst.log,../gen/Tst_test/IfThenElseDouble/pir/out/resource.csv,../gen/Tst_test/IfThenElseDouble/log/maketst.log,../gen/Tst_test/IfThenElseDouble/log/runp2p.log,../gen/Tst_test/IfThenElseDouble/log/runhybrid.log,../gen/Tst_test/IfThenElseDouble/log/p2pstat.log,True,,,7.26237462,,20,20,0,0,0,0,40,40,200,200,,,,,,,,,,,,,,,,,,,,,,,0:16.30,,,,False,True,,,,0:00.00,,,,False,False,,,,,,,,,,,True,False,True
481d287,b0af048,2019-10-07 22:10:42,IfThenElseFloat,test,Tst,1000000000.0,../gen/Tst_test/IfThenElseFloat/log/runproute.log,../gen/Tst_test/IfThenElseFloat/log/runproute.sh,../gen/Tst_test/IfThenElseFloat/plastisim/summary.csv,../gen/Tst_test/IfThenElseFloat/pir/AccelMain.scala,../gen/Tst_test/IfThenElseFloat/log/,../gen/Tst_test/IfThenElseFloat/log/gentst.log,../gen/Tst_test/IfThenElseFloat/pir/out/resource.csv,../gen/Tst_test/IfThenElseFloat/log/maketst.log,../gen/Tst_test/IfThenElseFloat/log/runp2p.log,../gen/Tst_test/IfThenElseFloat/log/runhybrid.log,../gen/Tst_test/IfThenElseFloat/log/p2pstat.log,True,,,5.212688784,,20,20,0,0,0,0,40,40,200,200,,,,,,,,,,,,,,,,,,,,,,,0:13.89,,,,False,True,,,,0:00.00,,,,False,False,,,,,,,,,,,True,False,True
481d287,b0af048,2019-10-07 22:10:42,IfThenElseInt,test,Tst,1000000000.0,../gen/Tst_test/IfThenElseInt/log/runproute.log,../gen/Tst_test/IfThenElseInt/log/runproute.sh,../gen/Tst_test/IfThenElseInt/plastisim/summary.csv,../gen/Tst_test/IfThenElseInt/pir/AccelMain.scala,../gen/Tst_test/IfThenElseInt/log/,../gen/Tst_test/IfThenElseInt/log/gentst.log,../gen/Tst_test/IfThenElseInt/pir/out/resource.csv,../gen/Tst_test/IfThenElseInt/log/maketst.log,../gen/Tst_test/IfThenElseInt/log/runp2p.log,../gen/Tst_test/IfThenElseInt/log/runhybrid.log,../gen/Tst_test/IfThenElseInt/log/p2pstat.log,True,,,5.772160279,,20,20,0,0,0,0,40,40,200,200,,,,,,,,,,,,,,,,,,,,,,,0:14.86,,,,False,True,,,,0:00.00,,,,False,False,,,,,,,,,,,True,False,True
481d287,b0af048,2019-10-07 22:10:42,IfThenElseString,test,Tst,1000000000.0,../gen/Tst_test/IfThenElseString/log/runproute.log,../gen/Tst_test/IfThenElseString/log/runproute.sh,../gen/Tst_test/IfThenElseString/plastisim/summary.csv,../gen/Tst_test/IfThenElseString/pir/AccelMain.scala,../gen/Tst_test/IfThenElseString/log/,../gen/Tst_test/IfThenElseString/log/gentst.log,../gen/Tst_test/IfThenElseString/pir/out/resource.csv,../gen/Tst_test/IfThenElseString/log/maketst.log,../gen/Tst_test/IfThenElseString/log/runp2p.log,../gen/Tst_test/IfThenElseString/log/runhybrid.log,../gen/Tst_test/IfThenElseString/log/p2pstat.log,True,,,6.380393029,,20,20,0,0,0,0,40,40,200,200,,,,,,,,,,,,,,,,,,,,,,,0:15.29,,,,False,True,,,,0:00.00,,,,False,False,,,,,,,,,,,True,False,True
481d287,b0af048,2019-10-07 22:10:42,IndirectLoad,test,Tst,1000000000.0,../gen/Tst_test/IndirectLoad/log/runproute.log,../gen/Tst_test/IndirectLoad/log/runproute.sh,../gen/Tst_test/IndirectLoad/plastisim/summary.csv,../gen/Tst_test/IndirectLoad/pir/AccelMain.scala,../gen/Tst_test/IndirectLoad/log/,../gen/Tst_test/IndirectLoad/log/gentst.log,../gen/Tst_test/IndirectLoad/pir/out/resource.csv,../gen/Tst_test/IndirectLoad/log/maketst.log,../gen/Tst_test/IndirectLoad/log/runp2p.log,../gen/Tst_test/IndirectLoad/log/runhybrid.log,../gen/Tst_test/IndirectLoad/log/p2pstat.log,True,,,15.686878648,,20,20,3,11,3,0,40,40,200,200,,,,,,,,,,,,,,,,,,,,,,,0:41.67,404,,True,False,True,,2.69307,2.53465,0:00.52,,,,False,False,,,,,"1896 OP, 4.69 GOPS","1128 OP, 2.79 GOPS","872 OP, 2.16 GOPS",,"1024 OP, 2.53 GOPS","1128 OP, 2.79 GOPS",True,False,True
481d287,b0af048,2019-10-07 22:10:42,InlineSwitch,test,Tst,1000000000.0,../gen/Tst_test/InlineSwitch/log/runproute.log,../gen/Tst_test/InlineSwitch/log/runproute.sh,../gen/Tst_test/InlineSwitch/plastisim/summary.csv,../gen/Tst_test/InlineSwitch/pir/AccelMain.scala,../gen/Tst_test/InlineSwitch/log/,../gen/Tst_test/InlineSwitch/log/gentst.log,../gen/Tst_test/InlineSwitch/pir/out/resource.csv,../gen/Tst_test/InlineSwitch/log/maketst.log,../gen/Tst_test/InlineSwitch/log/runp2p.log,../gen/Tst_test/InlineSwitch/log/runhybrid.log,../gen/Tst_test/InlineSwitch/log/p2pstat.log,True,,,7.265303618,,20,20,0,1,0,0,40,40,200,200,,,,,,,,,,,,,,,,,,,,,,,0:23.42,13,,,False,True,,0.0,0.0,0:00.40,,,,False,False,,,,,"6 OP, 0.46 GOPS","6 OP, 0.46 GOPS","3 OP, 0.23 GOPS",,"3 OP, 0.23 GOPS","6 OP, 0.46 GOPS",True,False,True
481d287,b0af048,2019-10-07 22:10:42,InnerSwitchUnrolling,test,Tst,1000000000.0,../gen/Tst_test/InnerSwitchUnrolling/log/runproute.log,../gen/Tst_test/InnerSwitchUnrolling/log/runproute.sh,../gen/Tst_test/InnerSwitchUnrolling/plastisim/summary.csv,../gen/Tst_test/InnerSwitchUnrolling/pir/AccelMain.scala,../gen/Tst_test/InnerSwitchUnrolling/log/,../gen/Tst_test/InnerSwitchUnrolling/log/gentst.log,../gen/Tst_test/InnerSwitchUnrolling/pir/out/resource.csv,../gen/Tst_test/InnerSwitchUnrolling/log/maketst.log,../gen/Tst_test/InnerSwitchUnrolling/log/runp2p.log,../gen/Tst_test/InnerSwitchUnrolling/log/runhybrid.log,../gen/Tst_test/InnerSwitchUnrolling/log/p2pstat.log,False,[bug] Encountered exception while updating node,,,,,,,,,,,,,,,,,,,,,,,,,,,,,,,,,,,,,,,,False,False,,,,,,,,False,False,,,,,,,,,,,False,False,False
481d287,b0af048,2019-10-07 22:10:42,IntPrinting,test,Tst,1000000000.0,../gen/Tst_test/IntPrinting/log/runproute.log,../gen/Tst_test/IntPrinting/log/runproute.sh,../gen/Tst_test/IntPrinting/plastisim/summary.csv,../gen/Tst_test/IntPrinting/pir/AccelMain.scala,../gen/Tst_test/IntPrinting/log/,../gen/Tst_test/IntPrinting/log/gentst.log,../gen/Tst_test/IntPrinting/pir/out/resource.csv,../gen/Tst_test/IntPrinting/log/maketst.log,../gen/Tst_test/IntPrinting/log/runp2p.log,../gen/Tst_test/IntPrinting/log/runhybrid.log,../gen/Tst_test/IntPrinting/log/p2pstat.log,True,,,7.229505112,,20,20,0,0,0,0,40,40,200,200,,,,,,,,,,,,,,,,,,,,,,,0:26.55,1,,,False,True,,0.0,0.0,0:00.45,,,,False,False,,,,,,,,,,,True,False,True
481d287,b0af048,2019-10-07 22:10:42,InterleavedFilterStream1D,test,Tst,1000000000.0,../gen/Tst_test/InterleavedFilterStream1D/log/runproute.log,../gen/Tst_test/InterleavedFilterStream1D/log/runproute.sh,../gen/Tst_test/InterleavedFilterStream1D/plastisim/summary.csv,../gen/Tst_test/InterleavedFilterStream1D/pir/AccelMain.scala,../gen/Tst_test/InterleavedFilterStream1D/log/,../gen/Tst_test/InterleavedFilterStream1D/log/gentst.log,../gen/Tst_test/InterleavedFilterStream1D/pir/out/resource.csv,../gen/Tst_test/InterleavedFilterStream1D/log/maketst.log,../gen/Tst_test/InterleavedFilterStream1D/log/runp2p.log,../gen/Tst_test/InterleavedFilterStream1D/log/runhybrid.log,../gen/Tst_test/InterleavedFilterStream1D/log/p2pstat.log,True,,,,,,,,,,,,,,,,,,,,,,,,,,,,,,,,,,,,,,,,,False,False,,,,,,,,False,False,,,,,,,,,,,False,False,False
481d287,b0af048,2019-10-07 22:10:42,IterationDiffs,test,Tst,1000000000.0,../gen/Tst_test/IterationDiffs/log/runproute.log,../gen/Tst_test/IterationDiffs/log/runproute.sh,../gen/Tst_test/IterationDiffs/plastisim/summary.csv,../gen/Tst_test/IterationDiffs/pir/AccelMain.scala,../gen/Tst_test/IterationDiffs/log/,../gen/Tst_test/IterationDiffs/log/gentst.log,../gen/Tst_test/IterationDiffs/pir/out/resource.csv,../gen/Tst_test/IterationDiffs/log/maketst.log,../gen/Tst_test/IterationDiffs/log/runp2p.log,../gen/Tst_test/IterationDiffs/log/runhybrid.log,../gen/Tst_test/IterationDiffs/log/p2pstat.log,False,[error] Cannot group by unrolled access for banking on x176 (InitiationIntervals.scala:125:25) due to dependency between iterations,,,,,,,,,,,,,,,,,,,,,,,,,,,,,,,,,,,,,,,,False,False,,,,,,,,False,False,,,,,,,,,,,False,False,False
481d287,b0af048,2019-10-07 22:10:42,JPEG_Decompress,test,Tst,1000000000.0,../gen/Tst_test/JPEG_Decompress/log/runproute.log,../gen/Tst_test/JPEG_Decompress/log/runproute.sh,../gen/Tst_test/JPEG_Decompress/plastisim/summary.csv,../gen/Tst_test/JPEG_Decompress/pir/AccelMain.scala,../gen/Tst_test/JPEG_Decompress/log/,../gen/Tst_test/JPEG_Decompress/log/gentst.log,../gen/Tst_test/JPEG_Decompress/pir/out/resource.csv,../gen/Tst_test/JPEG_Decompress/log/maketst.log,../gen/Tst_test/JPEG_Decompress/log/runp2p.log,../gen/Tst_test/JPEG_Decompress/log/runhybrid.log,../gen/Tst_test/JPEG_Decompress/log/p2pstat.log,True,,"[[31merror[0m] Constrain failed on MemoryContainer3268
",214.425049806,,20,20,,,,,,,,,,,,,,,,,,,,,,,,,,,,,,,,,,,False,False,,,,,,,,False,False,,,,,,,,,,,False,False,False
481d287,b0af048,2019-10-07 22:10:42,JPEG_Markers,test,Tst,1000000000.0,../gen/Tst_test/JPEG_Markers/log/runproute.log,../gen/Tst_test/JPEG_Markers/log/runproute.sh,../gen/Tst_test/JPEG_Markers/plastisim/summary.csv,../gen/Tst_test/JPEG_Markers/pir/AccelMain.scala,../gen/Tst_test/JPEG_Markers/log/,../gen/Tst_test/JPEG_Markers/log/gentst.log,../gen/Tst_test/JPEG_Markers/pir/out/resource.csv,../gen/Tst_test/JPEG_Markers/log/maketst.log,../gen/Tst_test/JPEG_Markers/log/runp2p.log,../gen/Tst_test/JPEG_Markers/log/runhybrid.log,../gen/Tst_test/JPEG_Markers/log/p2pstat.log,True,,,22.509066923,,20,20,5,15,12,0,40,40,200,200,,,,,,,,,,,,,,,,,,,,,,"/home/yaqiz/pldi20/spatial/pir/tungsten/state.h:612:27: error: no matching function for call to ‘make_token64(unsigned char [64])’
",0:10.07,,,,False,False,,,,,,,,False,False,,,,,,,,,,,False,False,False
481d287,b0af048,2019-10-07 22:10:42,KMP,test,Tst,1000000000.0,../gen/Tst_test/KMP/log/runproute.log,../gen/Tst_test/KMP/log/runproute.sh,../gen/Tst_test/KMP/plastisim/summary.csv,../gen/Tst_test/KMP/pir/AccelMain.scala,../gen/Tst_test/KMP/log/,../gen/Tst_test/KMP/log/gentst.log,../gen/Tst_test/KMP/pir/out/resource.csv,../gen/Tst_test/KMP/log/maketst.log,../gen/Tst_test/KMP/log/runp2p.log,../gen/Tst_test/KMP/log/runhybrid.log,../gen/Tst_test/KMP/log/p2pstat.log,True,,"[[31merror[0m] Failed passes: 27-ProgramReport
",24.205362951,,20,20,,,,,,,,,,,,,,,,,,,,,,,,,,,,,,,,,,,False,False,,,,,,,,False,False,,,,,,,,,,,False,False,False
481d287,b0af048,2019-10-07 22:10:42,Kmeans_fast,test,Tst,1000000000.0,../gen/Tst_test/Kmeans_fast/log/runproute.log,../gen/Tst_test/Kmeans_fast/log/runproute.sh,../gen/Tst_test/Kmeans_fast/plastisim/summary.csv,../gen/Tst_test/Kmeans_fast/pir/AccelMain.scala,../gen/Tst_test/Kmeans_fast/log/,../gen/Tst_test/Kmeans_fast/log/gentst.log,../gen/Tst_test/Kmeans_fast/pir/out/resource.csv,../gen/Tst_test/Kmeans_fast/log/maketst.log,../gen/Tst_test/Kmeans_fast/log/runp2p.log,../gen/Tst_test/Kmeans_fast/log/runhybrid.log,../gen/Tst_test/Kmeans_fast/log/p2pstat.log,True,,"[0m[[0m[31merror[0m] [0m[0m/home/yaqiz/pldi20/spatial/gen/Tst_test/Kmeans_fast/pir/AccelMain.scala:180:52: not found: value x533__1[0m
",,,,,,,,,,,,,,,,,,,,,,,,,,,,,,,,,,,,,,,False,False,,,,,,,,False,False,,,,,,,,,,,False,False,False
481d287,b0af048,2019-10-07 22:10:42,Kmeans_slow,test,Tst,1000000000.0,../gen/Tst_test/Kmeans_slow/log/runproute.log,../gen/Tst_test/Kmeans_slow/log/runproute.sh,../gen/Tst_test/Kmeans_slow/plastisim/summary.csv,../gen/Tst_test/Kmeans_slow/pir/AccelMain.scala,../gen/Tst_test/Kmeans_slow/log/,../gen/Tst_test/Kmeans_slow/log/gentst.log,../gen/Tst_test/Kmeans_slow/pir/out/resource.csv,../gen/Tst_test/Kmeans_slow/log/maketst.log,../gen/Tst_test/Kmeans_slow/log/runp2p.log,../gen/Tst_test/Kmeans_slow/log/runhybrid.log,../gen/Tst_test/Kmeans_slow/log/p2pstat.log,True,,"[0m[[0m[31merror[0m] [0m[0m/home/yaqiz/pldi20/spatial/gen/Tst_test/Kmeans_slow/pir/AccelMain.scala:216:52: not found: value x623__1[0m
",,,,,,,,,,,,,,,,,,,,,,,,,,,,,,,,,,,,,,,False,False,,,,,,,,False,False,,,,,,,,,,,False,False,False
481d287,b0af048,2019-10-07 22:10:42,LP_SGD,test,Tst,1000000000.0,../gen/Tst_test/LP_SGD/log/runproute.log,../gen/Tst_test/LP_SGD/log/runproute.sh,../gen/Tst_test/LP_SGD/plastisim/summary.csv,../gen/Tst_test/LP_SGD/pir/AccelMain.scala,../gen/Tst_test/LP_SGD/log/,../gen/Tst_test/LP_SGD/log/gentst.log,../gen/Tst_test/LP_SGD/pir/out/resource.csv,../gen/Tst_test/LP_SGD/log/maketst.log,../gen/Tst_test/LP_SGD/log/runp2p.log,../gen/Tst_test/LP_SGD/log/runhybrid.log,../gen/Tst_test/LP_SGD/log/p2pstat.log,True,,"[[31merror[0m] Plasticine doesn't support HostIO
",2.058274745,,20,20,,,,,,,,,,,,,,,,,,,,,,,,,,,,,,,,,,,False,False,,,,,,,,False,False,,,,,,,,,,,False,False,False
481d287,b0af048,2019-10-07 22:10:42,LP_SVRG,test,Tst,1000000000.0,../gen/Tst_test/LP_SVRG/log/runproute.log,../gen/Tst_test/LP_SVRG/log/runproute.sh,../gen/Tst_test/LP_SVRG/plastisim/summary.csv,../gen/Tst_test/LP_SVRG/pir/AccelMain.scala,../gen/Tst_test/LP_SVRG/log/,../gen/Tst_test/LP_SVRG/log/gentst.log,../gen/Tst_test/LP_SVRG/pir/out/resource.csv,../gen/Tst_test/LP_SVRG/log/maketst.log,../gen/Tst_test/LP_SVRG/log/runp2p.log,../gen/Tst_test/LP_SVRG/log/runhybrid.log,../gen/Tst_test/LP_SVRG/log/p2pstat.log,True,,"[[31merror[0m] Plasticine doesn't support HostIO
",1.86943988,,20,20,,,,,,,,,,,,,,,,,,,,,,,,,,,,,,,,,,,False,False,,,,,,,,False,False,,,,,,,,,,,False,False,False
481d287,b0af048,2019-10-07 22:10:42,LUTFromFile,test,Tst,1000000000.0,../gen/Tst_test/LUTFromFile/log/runproute.log,../gen/Tst_test/LUTFromFile/log/runproute.sh,../gen/Tst_test/LUTFromFile/plastisim/summary.csv,../gen/Tst_test/LUTFromFile/pir/AccelMain.scala,../gen/Tst_test/LUTFromFile/log/,../gen/Tst_test/LUTFromFile/log/gentst.log,../gen/Tst_test/LUTFromFile/pir/out/resource.csv,../gen/Tst_test/LUTFromFile/log/maketst.log,../gen/Tst_test/LUTFromFile/log/runp2p.log,../gen/Tst_test/LUTFromFile/log/runhybrid.log,../gen/Tst_test/LUTFromFile/log/p2pstat.log,True,,,8.945987999,,20,20,0,1,1,0,40,40,200,200,,,,,,,,,,,,,,,,,,,,,,,0:30.08,13,,True,False,True,,0.0,0.0,0:00.48,,,,False,False,,,,,,,,,,,True,False,True
481d287,b0af048,2019-10-07 22:10:42,LUTSimple,test,Tst,1000000000.0,../gen/Tst_test/LUTSimple/log/runproute.log,../gen/Tst_test/LUTSimple/log/runproute.sh,../gen/Tst_test/LUTSimple/plastisim/summary.csv,../gen/Tst_test/LUTSimple/pir/AccelMain.scala,../gen/Tst_test/LUTSimple/log/,../gen/Tst_test/LUTSimple/log/gentst.log,../gen/Tst_test/LUTSimple/pir/out/resource.csv,../gen/Tst_test/LUTSimple/log/maketst.log,../gen/Tst_test/LUTSimple/log/runp2p.log,../gen/Tst_test/LUTSimple/log/runhybrid.log,../gen/Tst_test/LUTSimple/log/p2pstat.log,True,,,9.009949974,,20,20,0,1,1,1,40,40,200,200,,,,,,,,,,,,,,,,,,,,,,,0:25.98,25,,True,False,True,,0.0,0.0,0:00.38,,,,False,False,,,,,"7 OP, 0.28 GOPS","2 OP, 0.08 GOPS","7 OP, 0.28 GOPS",,,"2 OP, 0.08 GOPS",True,False,True
481d287,b0af048,2019-10-07 22:10:42,LiftBoolean,test,Tst,1000000000.0,../gen/Tst_test/LiftBoolean/log/runproute.log,../gen/Tst_test/LiftBoolean/log/runproute.sh,../gen/Tst_test/LiftBoolean/plastisim/summary.csv,../gen/Tst_test/LiftBoolean/pir/AccelMain.scala,../gen/Tst_test/LiftBoolean/log/,../gen/Tst_test/LiftBoolean/log/gentst.log,../gen/Tst_test/LiftBoolean/pir/out/resource.csv,../gen/Tst_test/LiftBoolean/log/maketst.log,../gen/Tst_test/LiftBoolean/log/runp2p.log,../gen/Tst_test/LiftBoolean/log/runhybrid.log,../gen/Tst_test/LiftBoolean/log/p2pstat.log,True,,,4.118183971,,20,20,0,0,0,0,40,40,200,200,,,,,,,,,,,,,,,,,,,,,,,0:13.58,,,,False,True,,,,0:00.00,,,,False,False,,,,,,,,,,,True,False,True
481d287,b0af048,2019-10-07 22:10:42,LiftByte,test,Tst,1000000000.0,../gen/Tst_test/LiftByte/log/runproute.log,../gen/Tst_test/LiftByte/log/runproute.sh,../gen/Tst_test/LiftByte/plastisim/summary.csv,../gen/Tst_test/LiftByte/pir/AccelMain.scala,../gen/Tst_test/LiftByte/log/,../gen/Tst_test/LiftByte/log/gentst.log,../gen/Tst_test/LiftByte/pir/out/resource.csv,../gen/Tst_test/LiftByte/log/maketst.log,../gen/Tst_test/LiftByte/log/runp2p.log,../gen/Tst_test/LiftByte/log/runhybrid.log,../gen/Tst_test/LiftByte/log/p2pstat.log,True,,,4.591187943,,20,20,0,0,0,0,40,40,200,200,,,,,,,,,,,,,,,,,,,,,,,0:14.62,,,,False,True,,,,0:00.00,,,,False,False,,,,,,,,,,,True,False,True
481d287,b0af048,2019-10-07 22:10:42,LiftDouble,test,Tst,1000000000.0,../gen/Tst_test/LiftDouble/log/runproute.log,../gen/Tst_test/LiftDouble/log/runproute.sh,../gen/Tst_test/LiftDouble/plastisim/summary.csv,../gen/Tst_test/LiftDouble/pir/AccelMain.scala,../gen/Tst_test/LiftDouble/log/,../gen/Tst_test/LiftDouble/log/gentst.log,../gen/Tst_test/LiftDouble/pir/out/resource.csv,../gen/Tst_test/LiftDouble/log/maketst.log,../gen/Tst_test/LiftDouble/log/runp2p.log,../gen/Tst_test/LiftDouble/log/runhybrid.log,../gen/Tst_test/LiftDouble/log/p2pstat.log,True,,,5.21298329,,20,20,0,0,0,0,40,40,200,200,,,,,,,,,,,,,,,,,,,,,,,0:15.64,,,,False,True,,,,0:00.00,,,,False,False,,,,,,,,,,,True,False,True
481d287,b0af048,2019-10-07 22:10:42,LiftFloat,test,Tst,1000000000.0,../gen/Tst_test/LiftFloat/log/runproute.log,../gen/Tst_test/LiftFloat/log/runproute.sh,../gen/Tst_test/LiftFloat/plastisim/summary.csv,../gen/Tst_test/LiftFloat/pir/AccelMain.scala,../gen/Tst_test/LiftFloat/log/,../gen/Tst_test/LiftFloat/log/gentst.log,../gen/Tst_test/LiftFloat/pir/out/resource.csv,../gen/Tst_test/LiftFloat/log/maketst.log,../gen/Tst_test/LiftFloat/log/runp2p.log,../gen/Tst_test/LiftFloat/log/runhybrid.log,../gen/Tst_test/LiftFloat/log/p2pstat.log,True,,,7.351749085,,20,20,0,0,0,0,40,40,200,200,,,,,,,,,,,,,,,,,,,,,,,0:17.26,,,,False,True,,,,0:00.01,,,,False,False,,,,,,,,,,,True,False,True
481d287,b0af048,2019-10-07 22:10:42,LiftInt,test,Tst,1000000000.0,../gen/Tst_test/LiftInt/log/runproute.log,../gen/Tst_test/LiftInt/log/runproute.sh,../gen/Tst_test/LiftInt/plastisim/summary.csv,../gen/Tst_test/LiftInt/pir/AccelMain.scala,../gen/Tst_test/LiftInt/log/,../gen/Tst_test/LiftInt/log/gentst.log,../gen/Tst_test/LiftInt/pir/out/resource.csv,../gen/Tst_test/LiftInt/log/maketst.log,../gen/Tst_test/LiftInt/log/runp2p.log,../gen/Tst_test/LiftInt/log/runhybrid.log,../gen/Tst_test/LiftInt/log/p2pstat.log,True,,,7.0803541,,20,20,0,0,0,0,40,40,200,200,,,,,,,,,,,,,,,,,,,,,,,0:15.83,,,,False,True,,,,0:00.00,,,,False,False,,,,,,,,,,,True,False,True
481d287,b0af048,2019-10-07 22:10:42,LiftLong,test,Tst,1000000000.0,../gen/Tst_test/LiftLong/log/runproute.log,../gen/Tst_test/LiftLong/log/runproute.sh,../gen/Tst_test/LiftLong/plastisim/summary.csv,../gen/Tst_test/LiftLong/pir/AccelMain.scala,../gen/Tst_test/LiftLong/log/,../gen/Tst_test/LiftLong/log/gentst.log,../gen/Tst_test/LiftLong/pir/out/resource.csv,../gen/Tst_test/LiftLong/log/maketst.log,../gen/Tst_test/LiftLong/log/runp2p.log,../gen/Tst_test/LiftLong/log/runhybrid.log,../gen/Tst_test/LiftLong/log/p2pstat.log,True,,,4.551594618,,20,20,0,0,0,0,40,40,200,200,,,,,,,,,,,,,,,,,,,,,,,0:17.40,,,,False,True,,,,0:00.00,,,,False,False,,,,,,,,,,,True,False,True
481d287,b0af048,2019-10-07 22:10:42,LiftShort,test,Tst,1000000000.0,../gen/Tst_test/LiftShort/log/runproute.log,../gen/Tst_test/LiftShort/log/runproute.sh,../gen/Tst_test/LiftShort/plastisim/summary.csv,../gen/Tst_test/LiftShort/pir/AccelMain.scala,../gen/Tst_test/LiftShort/log/,../gen/Tst_test/LiftShort/log/gentst.log,../gen/Tst_test/LiftShort/pir/out/resource.csv,../gen/Tst_test/LiftShort/log/maketst.log,../gen/Tst_test/LiftShort/log/runp2p.log,../gen/Tst_test/LiftShort/log/runhybrid.log,../gen/Tst_test/LiftShort/log/p2pstat.log,True,,,7.144609419,,20,20,0,0,0,0,40,40,200,200,,,,,,,,,,,,,,,,,,,,,,,0:20.21,,,,False,True,,,,0:00.00,,,,False,False,,,,,,,,,,,True,False,True
481d287,b0af048,2019-10-07 22:10:42,LineBufs,test,Tst,1000000000.0,../gen/Tst_test/LineBufs/log/runproute.log,../gen/Tst_test/LineBufs/log/runproute.sh,../gen/Tst_test/LineBufs/plastisim/summary.csv,../gen/Tst_test/LineBufs/pir/AccelMain.scala,../gen/Tst_test/LineBufs/log/,../gen/Tst_test/LineBufs/log/gentst.log,../gen/Tst_test/LineBufs/pir/out/resource.csv,../gen/Tst_test/LineBufs/log/maketst.log,../gen/Tst_test/LineBufs/log/runp2p.log,../gen/Tst_test/LineBufs/log/runhybrid.log,../gen/Tst_test/LineBufs/log/p2pstat.log,True,,"[0m[[0m[31merror[0m] [0m[0m/home/yaqiz/pldi20/spatial/gen/Tst_test/LineBufs/pir/AccelMain.scala:122:31: not found: value x1005[0m
",,,,,,,,,,,,,,,,,,,,,,,,,,,,,,,,,,,,,,,False,False,,,,,,,,False,False,,,,,,,,,,,False,False,False
481d287,b0af048,2019-10-07 22:10:42,LinearWriteRandomRead,test,Tst,1000000000.0,../gen/Tst_test/LinearWriteRandomRead/log/runproute.log,../gen/Tst_test/LinearWriteRandomRead/log/runproute.sh,../gen/Tst_test/LinearWriteRandomRead/plastisim/summary.csv,../gen/Tst_test/LinearWriteRandomRead/pir/AccelMain.scala,../gen/Tst_test/LinearWriteRandomRead/log/,../gen/Tst_test/LinearWriteRandomRead/log/gentst.log,../gen/Tst_test/LinearWriteRandomRead/pir/out/resource.csv,../gen/Tst_test/LinearWriteRandomRead/log/maketst.log,../gen/Tst_test/LinearWriteRandomRead/log/runp2p.log,../gen/Tst_test/LinearWriteRandomRead/log/runhybrid.log,../gen/Tst_test/LinearWriteRandomRead/log/p2pstat.log,False,[bug] Encountered exception while updating node,,,,,,,,,,,,,,,,,,,,,,,,,,,,,,,,,,,,,,,,False,False,,,,,,,,False,False,,,,,,,,,,,False,False,False
481d287,b0af048,2019-10-07 22:10:42,LiteralMath,test,Tst,1000000000.0,../gen/Tst_test/LiteralMath/log/runproute.log,../gen/Tst_test/LiteralMath/log/runproute.sh,../gen/Tst_test/LiteralMath/plastisim/summary.csv,../gen/Tst_test/LiteralMath/pir/AccelMain.scala,../gen/Tst_test/LiteralMath/log/,../gen/Tst_test/LiteralMath/log/gentst.log,../gen/Tst_test/LiteralMath/pir/out/resource.csv,../gen/Tst_test/LiteralMath/log/maketst.log,../gen/Tst_test/LiteralMath/log/runp2p.log,../gen/Tst_test/LiteralMath/log/runhybrid.log,../gen/Tst_test/LiteralMath/log/p2pstat.log,True,,,7.317082301,,20,20,0,0,0,0,40,40,200,200,,,,,,,,,,,,,,,,,,,,,,,0:24.89,1,,,False,True,,0.0,0.0,0:00.37,,,,False,False,,,,,,,,,,,True,False,True
481d287,b0af048,2019-10-07 22:10:42,LogReg,test,Tst,1000000000.0,../gen/Tst_test/LogReg/log/runproute.log,../gen/Tst_test/LogReg/log/runproute.sh,../gen/Tst_test/LogReg/plastisim/summary.csv,../gen/Tst_test/LogReg/pir/AccelMain.scala,../gen/Tst_test/LogReg/log/,../gen/Tst_test/LogReg/log/gentst.log,../gen/Tst_test/LogReg/pir/out/resource.csv,../gen/Tst_test/LogReg/log/maketst.log,../gen/Tst_test/LogReg/log/runp2p.log,../gen/Tst_test/LogReg/log/runhybrid.log,../gen/Tst_test/LogReg/log/p2pstat.log,True,,,146.76917984,,20,20,3,14,35,89,40,40,200,200,,,,,,,,,,,,,,,,,,,,,,,5:58.97,276629,"Assertion fail:
",True,False,False,,57.1544,0.00277628,2:32.10,,,,False,False,,,,,,,,,,,False,False,False
481d287,b0af048,2019-10-07 22:10:42,LoopInvariantCycle,test,Tst,1000000000.0,../gen/Tst_test/LoopInvariantCycle/log/runproute.log,../gen/Tst_test/LoopInvariantCycle/log/runproute.sh,../gen/Tst_test/LoopInvariantCycle/plastisim/summary.csv,../gen/Tst_test/LoopInvariantCycle/pir/AccelMain.scala,../gen/Tst_test/LoopInvariantCycle/log/,../gen/Tst_test/LoopInvariantCycle/log/gentst.log,../gen/Tst_test/LoopInvariantCycle/pir/out/resource.csv,../gen/Tst_test/LoopInvariantCycle/log/maketst.log,../gen/Tst_test/LoopInvariantCycle/log/runp2p.log,../gen/Tst_test/LoopInvariantCycle/log/runhybrid.log,../gen/Tst_test/LoopInvariantCycle/log/p2pstat.log,True,,,34.78096379,,20,20,1,10,8,18,40,40,200,200,,,,,,,,,,,,,,,,,,,,,,,,,,,False,False,,,,,,,,False,False,,,,,,,,,,,False,False,False
481d287,b0af048,2019-10-07 22:10:42,LowPrecisionRep,test,Tst,1000000000.0,../gen/Tst_test/LowPrecisionRep/log/runproute.log,../gen/Tst_test/LowPrecisionRep/log/runproute.sh,../gen/Tst_test/LowPrecisionRep/plastisim/summary.csv,../gen/Tst_test/LowPrecisionRep/pir/AccelMain.scala,../gen/Tst_test/LowPrecisionRep/log/,../gen/Tst_test/LowPrecisionRep/log/gentst.log,../gen/Tst_test/LowPrecisionRep/pir/out/resource.csv,../gen/Tst_test/LowPrecisionRep/log/maketst.log,../gen/Tst_test/LowPrecisionRep/log/runp2p.log,../gen/Tst_test/LowPrecisionRep/log/runhybrid.log,../gen/Tst_test/LowPrecisionRep/log/p2pstat.log,True,,,16.855579421,,20,20,3,9,3,4,40,40,200,200,,,,,,,,,,,,,,,,,,,,,,,0:44.89,2271,,,False,True,,1.80361,0.450903,0:00.67,,,,False,False,,,,,"11442 OP, 5.04 GOPS","11442 OP, 5.04 GOPS","1168 OP, 0.51 GOPS","3090 OP, 1.36 GOPS","7184 OP, 3.16 GOPS","3250 OP, 1.43 GOPS",True,False,True
481d287,b0af048,2019-10-07 22:10:42,MD_Grid,test,Tst,1000000000.0,../gen/Tst_test/MD_Grid/log/runproute.log,../gen/Tst_test/MD_Grid/log/runproute.sh,../gen/Tst_test/MD_Grid/plastisim/summary.csv,../gen/Tst_test/MD_Grid/pir/AccelMain.scala,../gen/Tst_test/MD_Grid/log/,../gen/Tst_test/MD_Grid/log/gentst.log,../gen/Tst_test/MD_Grid/pir/out/resource.csv,../gen/Tst_test/MD_Grid/log/maketst.log,../gen/Tst_test/MD_Grid/log/runp2p.log,../gen/Tst_test/MD_Grid/log/runhybrid.log,../gen/Tst_test/MD_Grid/log/p2pstat.log,True,,,,,,,,,,,,,,,,,,,,,,,,,,,,,,,,,,,,,,,,,False,False,,,,,,,,False,False,,,,,,,,,,,False,False,False
481d287,b0af048,2019-10-07 22:10:42,MD_KNN,test,Tst,1000000000.0,../gen/Tst_test/MD_KNN/log/runproute.log,../gen/Tst_test/MD_KNN/log/runproute.sh,../gen/Tst_test/MD_KNN/plastisim/summary.csv,../gen/Tst_test/MD_KNN/pir/AccelMain.scala,../gen/Tst_test/MD_KNN/log/,../gen/Tst_test/MD_KNN/log/gentst.log,../gen/Tst_test/MD_KNN/pir/out/resource.csv,../gen/Tst_test/MD_KNN/log/maketst.log,../gen/Tst_test/MD_KNN/log/runp2p.log,../gen/Tst_test/MD_KNN/log/runhybrid.log,../gen/Tst_test/MD_KNN/log/p2pstat.log,True,,"[0m[[0m[31merror[0m] [0m[0m/home/yaqiz/pldi20/spatial/gen/Tst_test/MD_KNN/pir/AccelMain.scala:251:50: not found: value x594_x[0m
",,,,,,,,,,,,,,,,,,,,,,,,,,,,,,,,,,,,,,,False,False,,,,,,,,False,False,,,,,,,,,,,False,False,False
481d287,b0af048,2019-10-07 22:10:42,ManualConflictDephasing,test,Tst,1000000000.0,../gen/Tst_test/ManualConflictDephasing/log/runproute.log,../gen/Tst_test/ManualConflictDephasing/log/runproute.sh,../gen/Tst_test/ManualConflictDephasing/plastisim/summary.csv,../gen/Tst_test/ManualConflictDephasing/pir/AccelMain.scala,../gen/Tst_test/ManualConflictDephasing/log/,../gen/Tst_test/ManualConflictDephasing/log/gentst.log,../gen/Tst_test/ManualConflictDephasing/pir/out/resource.csv,../gen/Tst_test/ManualConflictDephasing/log/maketst.log,../gen/Tst_test/ManualConflictDephasing/log/runp2p.log,../gen/Tst_test/ManualConflictDephasing/log/runhybrid.log,../gen/Tst_test/ManualConflictDephasing/log/p2pstat.log,False,,,,,,,,,,,,,,,,,,,,,,,,,,,,,,,,,,,,,,,,,False,False,,,,,,,,False,False,,,,,,,,,,,False,False,False
481d287,b0af048,2019-10-07 22:10:42,MatMult_hierarchy,test,Tst,1000000000.0,../gen/Tst_test/MatMult_hierarchy/log/runproute.log,../gen/Tst_test/MatMult_hierarchy/log/runproute.sh,../gen/Tst_test/MatMult_hierarchy/plastisim/summary.csv,../gen/Tst_test/MatMult_hierarchy/pir/AccelMain.scala,../gen/Tst_test/MatMult_hierarchy/log/,../gen/Tst_test/MatMult_hierarchy/log/gentst.log,../gen/Tst_test/MatMult_hierarchy/pir/out/resource.csv,../gen/Tst_test/MatMult_hierarchy/log/maketst.log,../gen/Tst_test/MatMult_hierarchy/log/runp2p.log,../gen/Tst_test/MatMult_hierarchy/log/runhybrid.log,../gen/Tst_test/MatMult_hierarchy/log/p2pstat.log,True,,"[[31merror[0m] Failed passes: 04-GraphInitialization
",4.87781929,,20,20,,,,,,,,,,,,,,,,,,,,,,,,,,,,,,,,,,,False,False,,,,,,,,False,False,,,,,,,,,,,False,False,False
481d287,b0af048,2019-10-07 22:10:42,MatMult_inner,test,Tst,1000000000.0,../gen/Tst_test/MatMult_inner/log/runproute.log,../gen/Tst_test/MatMult_inner/log/runproute.sh,../gen/Tst_test/MatMult_inner/plastisim/summary.csv,../gen/Tst_test/MatMult_inner/pir/AccelMain.scala,../gen/Tst_test/MatMult_inner/log/,../gen/Tst_test/MatMult_inner/log/gentst.log,../gen/Tst_test/MatMult_inner/pir/out/resource.csv,../gen/Tst_test/MatMult_inner/log/maketst.log,../gen/Tst_test/MatMult_inner/log/runp2p.log,../gen/Tst_test/MatMult_inner/log/runhybrid.log,../gen/Tst_test/MatMult_inner/log/p2pstat.log,False,[error] TODO: Plasticine doesn't support POM yet,,,,,,,,,,,,,,,,,,,,,,,,,,,,,,,,,,,,,,,,False,False,,,,,,,,False,False,,,,,,,,,,,False,False,False
481d287,b0af048,2019-10-07 22:10:42,MatMult_outer,test,Tst,1000000000.0,../gen/Tst_test/MatMult_outer/log/runproute.log,../gen/Tst_test/MatMult_outer/log/runproute.sh,../gen/Tst_test/MatMult_outer/plastisim/summary.csv,../gen/Tst_test/MatMult_outer/pir/AccelMain.scala,../gen/Tst_test/MatMult_outer/log/,../gen/Tst_test/MatMult_outer/log/gentst.log,../gen/Tst_test/MatMult_outer/pir/out/resource.csv,../gen/Tst_test/MatMult_outer/log/maketst.log,../gen/Tst_test/MatMult_outer/log/runp2p.log,../gen/Tst_test/MatMult_outer/log/runhybrid.log,../gen/Tst_test/MatMult_outer/log/p2pstat.log,True,,,39.29006755,,20,20,4,21,7,4,40,40,200,200,,,,,,,,,,,,,,,,,,,,,,,1:13.31,773715,,,False,True,,0.232933,0.0211758,1:31.10,,,,False,False,,,,,"19780096 OP, 25.57 GOPS","2109184 OP, 2.73 GOPS","8032768 OP, 10.38 GOPS",,"11747328 OP, 15.18 GOPS","2109184 OP, 2.73 GOPS",True,False,True
481d287,b0af048,2019-10-07 22:10:42,MaxFloat,test,Tst,1000000000.0,../gen/Tst_test/MaxFloat/log/runproute.log,../gen/Tst_test/MaxFloat/log/runproute.sh,../gen/Tst_test/MaxFloat/plastisim/summary.csv,../gen/Tst_test/MaxFloat/pir/AccelMain.scala,../gen/Tst_test/MaxFloat/log/,../gen/Tst_test/MaxFloat/log/gentst.log,../gen/Tst_test/MaxFloat/pir/out/resource.csv,../gen/Tst_test/MaxFloat/log/maketst.log,../gen/Tst_test/MaxFloat/log/runp2p.log,../gen/Tst_test/MaxFloat/log/runhybrid.log,../gen/Tst_test/MaxFloat/log/p2pstat.log,True,,,17.028004624,,20,20,3,7,3,1,40,40,200,200,,,,,,,,,,,,,,,,,,,,,,,0:43.35,325,,,False,True,,3.15077,1.57538,0:00.52,,,,False,False,,,,,"914 OP, 2.81 GOPS","914 OP, 2.81 GOPS","18 OP, 0.06 GOPS","128 OP, 0.39 GOPS","768 OP, 2.36 GOPS","146 OP, 0.45 GOPS",True,False,True
481d287,b0af048,2019-10-07 22:10:42,MemCopyFIFO,test,Tst,1000000000.0,../gen/Tst_test/MemCopyFIFO/log/runproute.log,../gen/Tst_test/MemCopyFIFO/log/runproute.sh,../gen/Tst_test/MemCopyFIFO/plastisim/summary.csv,../gen/Tst_test/MemCopyFIFO/pir/AccelMain.scala,../gen/Tst_test/MemCopyFIFO/log/,../gen/Tst_test/MemCopyFIFO/log/gentst.log,../gen/Tst_test/MemCopyFIFO/pir/out/resource.csv,../gen/Tst_test/MemCopyFIFO/log/maketst.log,../gen/Tst_test/MemCopyFIFO/log/runp2p.log,../gen/Tst_test/MemCopyFIFO/log/runhybrid.log,../gen/Tst_test/MemCopyFIFO/log/p2pstat.log,True,,,10.653559918,,20,20,2,3,0,1,40,40,200,200,,,,,,,,,,,,,,,,,,,,,,,0:28.94,49,,True,False,True,,2.61224,2.61224,0:00.54,,,,False,False,,,,,,,,,,,True,False,True
481d287,b0af048,2019-10-07 22:10:42,MemCopyLIFO,test,Tst,1000000000.0,../gen/Tst_test/MemCopyLIFO/log/runproute.log,../gen/Tst_test/MemCopyLIFO/log/runproute.sh,../gen/Tst_test/MemCopyLIFO/plastisim/summary.csv,../gen/Tst_test/MemCopyLIFO/pir/AccelMain.scala,../gen/Tst_test/MemCopyLIFO/log/,../gen/Tst_test/MemCopyLIFO/log/gentst.log,../gen/Tst_test/MemCopyLIFO/pir/out/resource.csv,../gen/Tst_test/MemCopyLIFO/log/maketst.log,../gen/Tst_test/MemCopyLIFO/log/runp2p.log,../gen/Tst_test/MemCopyLIFO/log/runhybrid.log,../gen/Tst_test/MemCopyLIFO/log/p2pstat.log,True,,"[0m[[0m[31merror[0m] [0m[0m/home/yaqiz/pldi20/spatial/gen/Tst_test/MemCopyLIFO/pir/AccelMain.scala:78:29: not found: value x132[0m
",,,,,,,,,,,,,,,,,,,,,,,,,,,,,,,,,,,,,,,False,False,,,,,,,,False,False,,,,,,,,,,,False,False,False
481d287,b0af048,2019-10-07 22:10:42,MemCopySRAM1D,test,Tst,1000000000.0,../gen/Tst_test/MemCopySRAM1D/log/runproute.log,../gen/Tst_test/MemCopySRAM1D/log/runproute.sh,../gen/Tst_test/MemCopySRAM1D/plastisim/summary.csv,../gen/Tst_test/MemCopySRAM1D/pir/AccelMain.scala,../gen/Tst_test/MemCopySRAM1D/log/,../gen/Tst_test/MemCopySRAM1D/log/gentst.log,../gen/Tst_test/MemCopySRAM1D/pir/out/resource.csv,../gen/Tst_test/MemCopySRAM1D/log/maketst.log,../gen/Tst_test/MemCopySRAM1D/log/runp2p.log,../gen/Tst_test/MemCopySRAM1D/log/runhybrid.log,../gen/Tst_test/MemCopySRAM1D/log/p2pstat.log,True,,,14.291975035,,20,20,4,8,2,0,40,40,200,200,,,,,,,,,,,,,,,,,,,,,,,0:35.96,241,,,False,True,,3.18672,3.18672,0:00.44,,,,False,False,,,,,"72 OP, 0.30 GOPS","72 OP, 0.30 GOPS","72 OP, 0.30 GOPS",,,"72 OP, 0.30 GOPS",True,False,True
481d287,b0af048,2019-10-07 22:10:42,MemCopySRAM2D,test,Tst,1000000000.0,../gen/Tst_test/MemCopySRAM2D/log/runproute.log,../gen/Tst_test/MemCopySRAM2D/log/runproute.sh,../gen/Tst_test/MemCopySRAM2D/plastisim/summary.csv,../gen/Tst_test/MemCopySRAM2D/pir/AccelMain.scala,../gen/Tst_test/MemCopySRAM2D/log/,../gen/Tst_test/MemCopySRAM2D/log/gentst.log,../gen/Tst_test/MemCopySRAM2D/pir/out/resource.csv,../gen/Tst_test/MemCopySRAM2D/log/maketst.log,../gen/Tst_test/MemCopySRAM2D/log/runp2p.log,../gen/Tst_test/MemCopySRAM2D/log/runhybrid.log,../gen/Tst_test/MemCopySRAM2D/log/p2pstat.log,True,,,14.331715438,,20,20,2,4,1,0,40,40,200,200,,,,,,,,,,,,,,,,,,,,,,,0:34.55,561,,,False,True,,1.82531,1.82531,0:00.48,,,,False,False,,,,,"1120 OP, 2.00 GOPS","96 OP, 0.17 GOPS","1120 OP, 2.00 GOPS",,,"96 OP, 0.17 GOPS",True,False,True
481d287,b0af048,2019-10-07 22:10:42,MemCopySRAM2D_2,test,Tst,1000000000.0,../gen/Tst_test/MemCopySRAM2D_2/log/runproute.log,../gen/Tst_test/MemCopySRAM2D_2/log/runproute.sh,../gen/Tst_test/MemCopySRAM2D_2/plastisim/summary.csv,../gen/Tst_test/MemCopySRAM2D_2/pir/AccelMain.scala,../gen/Tst_test/MemCopySRAM2D_2/log/,../gen/Tst_test/MemCopySRAM2D_2/log/gentst.log,../gen/Tst_test/MemCopySRAM2D_2/pir/out/resource.csv,../gen/Tst_test/MemCopySRAM2D_2/log/maketst.log,../gen/Tst_test/MemCopySRAM2D_2/log/runp2p.log,../gen/Tst_test/MemCopySRAM2D_2/log/runhybrid.log,../gen/Tst_test/MemCopySRAM2D_2/log/p2pstat.log,True,,,10.161653268,,20,20,2,5,2,0,40,40,200,200,,,,,,,,,,,,,,,,,,,,,,,0:32.87,822,,,False,True,,1.24574,1.24574,0:00.54,,,,False,False,,,,,"2144 OP, 2.61 GOPS","96 OP, 0.12 GOPS","2144 OP, 2.61 GOPS",,,"96 OP, 0.12 GOPS",True,False,True
481d287,b0af048,2019-10-07 22:10:42,MemReduce1D,test,Tst,1000000000.0,../gen/Tst_test/MemReduce1D/log/runproute.log,../gen/Tst_test/MemReduce1D/log/runproute.sh,../gen/Tst_test/MemReduce1D/plastisim/summary.csv,../gen/Tst_test/MemReduce1D/pir/AccelMain.scala,../gen/Tst_test/MemReduce1D/log/,../gen/Tst_test/MemReduce1D/log/gentst.log,../gen/Tst_test/MemReduce1D/pir/out/resource.csv,../gen/Tst_test/MemReduce1D/log/maketst.log,../gen/Tst_test/MemReduce1D/log/runp2p.log,../gen/Tst_test/MemReduce1D/log/runhybrid.log,../gen/Tst_test/MemReduce1D/log/p2pstat.log,True,,,15.605475682,,20,20,2,8,3,4,40,40,200,200,,,,,,,,,,,,,,,,,,,,,,,0:40.34,2441,,,False,True,,3.14625,0.104875,0:00.59,,,,False,False,,,,,"132905 OP, 54.45 GOPS","27305 OP, 11.19 GOPS","23465 OP, 9.61 GOPS",,"109440 OP, 44.83 GOPS","27305 OP, 11.19 GOPS",True,False,True
481d287,b0af048,2019-10-07 22:10:42,MemReduce2D,test,Tst,1000000000.0,../gen/Tst_test/MemReduce2D/log/runproute.log,../gen/Tst_test/MemReduce2D/log/runproute.sh,../gen/Tst_test/MemReduce2D/plastisim/summary.csv,../gen/Tst_test/MemReduce2D/pir/AccelMain.scala,../gen/Tst_test/MemReduce2D/log/,../gen/Tst_test/MemReduce2D/log/gentst.log,../gen/Tst_test/MemReduce2D/pir/out/resource.csv,../gen/Tst_test/MemReduce2D/log/maketst.log,../gen/Tst_test/MemReduce2D/log/runp2p.log,../gen/Tst_test/MemReduce2D/log/runhybrid.log,../gen/Tst_test/MemReduce2D/log/p2pstat.log,True,,,25.745330787,,20,20,3,10,5,2,40,40,200,200,,,,,,,,,,,,,,,,,,,,,,,0:52.17,60180,,,False,True,,4.9005,0.0170156,0:04.23,,,,False,False,,,,,"986672 OP, 16.40 GOPS","318000 OP, 5.28 GOPS","691760 OP, 11.49 GOPS",,"294912 OP, 4.90 GOPS","318000 OP, 5.28 GOPS",True,False,True
481d287,b0af048,2019-10-07 22:10:42,MemReduceFIFO,test,Tst,1000000000.0,../gen/Tst_test/MemReduceFIFO/log/runproute.log,../gen/Tst_test/MemReduceFIFO/log/runproute.sh,../gen/Tst_test/MemReduceFIFO/plastisim/summary.csv,../gen/Tst_test/MemReduceFIFO/pir/AccelMain.scala,../gen/Tst_test/MemReduceFIFO/log/,../gen/Tst_test/MemReduceFIFO/log/gentst.log,../gen/Tst_test/MemReduceFIFO/pir/out/resource.csv,../gen/Tst_test/MemReduceFIFO/log/maketst.log,../gen/Tst_test/MemReduceFIFO/log/runp2p.log,../gen/Tst_test/MemReduceFIFO/log/runhybrid.log,../gen/Tst_test/MemReduceFIFO/log/p2pstat.log,True,,"[[31merror[0m] Failed passes: 61-TungstenPIRGen
",11.490437624,,20,20,2,8,0,2,40,40,200,200,,,,,,,,,,,,,,,,,,,,,,,,,,,False,False,,,,,,,,False,False,,,,,,,,,,,False,False,False
481d287,b0af048,2019-10-07 22:10:42,MemReduceSimple,test,Tst,1000000000.0,../gen/Tst_test/MemReduceSimple/log/runproute.log,../gen/Tst_test/MemReduceSimple/log/runproute.sh,../gen/Tst_test/MemReduceSimple/plastisim/summary.csv,../gen/Tst_test/MemReduceSimple/pir/AccelMain.scala,../gen/Tst_test/MemReduceSimple/log/,../gen/Tst_test/MemReduceSimple/log/gentst.log,../gen/Tst_test/MemReduceSimple/pir/out/resource.csv,../gen/Tst_test/MemReduceSimple/log/maketst.log,../gen/Tst_test/MemReduceSimple/log/runp2p.log,../gen/Tst_test/MemReduceSimple/log/runhybrid.log,../gen/Tst_test/MemReduceSimple/log/p2pstat.log,True,,,12.904009621,,20,20,2,7,4,0,40,40,200,200,,,,,,,,,,,,,,,,,,,,,,,0:36.58,203,,True,False,True,,0.0,0.630542,0:00.48,,,,False,False,,,,,"240 OP, 1.18 GOPS","240 OP, 1.18 GOPS","160 OP, 0.79 GOPS",,"80 OP, 0.39 GOPS","240 OP, 1.18 GOPS",True,False,True
481d287,b0af048,2019-10-07 22:10:42,MemReduceTiny,test,Tst,1000000000.0,../gen/Tst_test/MemReduceTiny/log/runproute.log,../gen/Tst_test/MemReduceTiny/log/runproute.sh,../gen/Tst_test/MemReduceTiny/plastisim/summary.csv,../gen/Tst_test/MemReduceTiny/pir/AccelMain.scala,../gen/Tst_test/MemReduceTiny/log/,../gen/Tst_test/MemReduceTiny/log/gentst.log,../gen/Tst_test/MemReduceTiny/pir/out/resource.csv,../gen/Tst_test/MemReduceTiny/log/maketst.log,../gen/Tst_test/MemReduceTiny/log/runp2p.log,../gen/Tst_test/MemReduceTiny/log/runhybrid.log,../gen/Tst_test/MemReduceTiny/log/p2pstat.log,True,,,12.459498347,,20,20,1,5,3,0,40,40,200,200,,,,,,,,,,,,,,,,,,,,,,,0:36.01,35310,,True,False,True,,0.0,0.116001,0:01.17,,,,False,False,,,,,"395360 OP, 11.20 GOPS","131168 OP, 3.71 GOPS","362592 OP, 10.27 GOPS",,"32768 OP, 0.93 GOPS","131168 OP, 3.71 GOPS",True,False,True
481d287,b0af048,2019-10-07 22:10:42,MemReduceToUnitPipe,test,Tst,1000000000.0,../gen/Tst_test/MemReduceToUnitPipe/log/runproute.log,../gen/Tst_test/MemReduceToUnitPipe/log/runproute.sh,../gen/Tst_test/MemReduceToUnitPipe/plastisim/summary.csv,../gen/Tst_test/MemReduceToUnitPipe/pir/AccelMain.scala,../gen/Tst_test/MemReduceToUnitPipe/log/,../gen/Tst_test/MemReduceToUnitPipe/log/gentst.log,../gen/Tst_test/MemReduceToUnitPipe/pir/out/resource.csv,../gen/Tst_test/MemReduceToUnitPipe/log/maketst.log,../gen/Tst_test/MemReduceToUnitPipe/log/runp2p.log,../gen/Tst_test/MemReduceToUnitPipe/log/runhybrid.log,../gen/Tst_test/MemReduceToUnitPipe/log/p2pstat.log,False,[bug] Encountered exception while updating node,,,,,,,,,,,,,,,,,,,,,,,,,,,,,,,,,,,,,,,,False,False,,,,,,,,False,False,,,,,,,,,,,False,False,False
481d287,b0af048,2019-10-07 22:10:42,MergeSort,test,Tst,1000000000.0,../gen/Tst_test/MergeSort/log/runproute.log,../gen/Tst_test/MergeSort/log/runproute.sh,../gen/Tst_test/MergeSort/plastisim/summary.csv,../gen/Tst_test/MergeSort/pir/AccelMain.scala,../gen/Tst_test/MergeSort/log/,../gen/Tst_test/MergeSort/log/gentst.log,../gen/Tst_test/MergeSort/pir/out/resource.csv,../gen/Tst_test/MergeSort/log/maketst.log,../gen/Tst_test/MergeSort/log/runp2p.log,../gen/Tst_test/MergeSort/log/runhybrid.log,../gen/Tst_test/MergeSort/log/p2pstat.log,True,,"[[31merror[0m] TODO: Do not support multiple writers to FIFO on Plasticine yet FIFO437[x1437] MergeSort.scala:18:21
",19.431777127,,20,20,,,,,,,,,,,,,,,,,,,,,,,,,,,,,,,,,,,False,False,,,,,,,,False,False,,,,,,,,,,,False,False,False
481d287,b0af048,2019-10-07 22:10:42,MetaprogrammedConflict,test,Tst,1000000000.0,../gen/Tst_test/MetaprogrammedConflict/log/runproute.log,../gen/Tst_test/MetaprogrammedConflict/log/runproute.sh,../gen/Tst_test/MetaprogrammedConflict/plastisim/summary.csv,../gen/Tst_test/MetaprogrammedConflict/pir/AccelMain.scala,../gen/Tst_test/MetaprogrammedConflict/log/,../gen/Tst_test/MetaprogrammedConflict/log/gentst.log,../gen/Tst_test/MetaprogrammedConflict/pir/out/resource.csv,../gen/Tst_test/MetaprogrammedConflict/log/maketst.log,../gen/Tst_test/MetaprogrammedConflict/log/runp2p.log,../gen/Tst_test/MetaprogrammedConflict/log/runhybrid.log,../gen/Tst_test/MetaprogrammedConflict/log/p2pstat.log,True,,"[[31merror[0m] Constrain failed on MemoryContainer536
",14.643395427,,20,20,,,,,,,,,,,,,,,,,,,,,,,,,,,,,,,,,,,False,False,,,,,,,,False,False,,,,,,,,,,,False,False,False
481d287,b0af048,2019-10-07 22:10:42,MismatchedDiagonalBanking,test,Tst,1000000000.0,../gen/Tst_test/MismatchedDiagonalBanking/log/runproute.log,../gen/Tst_test/MismatchedDiagonalBanking/log/runproute.sh,../gen/Tst_test/MismatchedDiagonalBanking/plastisim/summary.csv,../gen/Tst_test/MismatchedDiagonalBanking/pir/AccelMain.scala,../gen/Tst_test/MismatchedDiagonalBanking/log/,../gen/Tst_test/MismatchedDiagonalBanking/log/gentst.log,../gen/Tst_test/MismatchedDiagonalBanking/pir/out/resource.csv,../gen/Tst_test/MismatchedDiagonalBanking/log/maketst.log,../gen/Tst_test/MismatchedDiagonalBanking/log/runp2p.log,../gen/Tst_test/MismatchedDiagonalBanking/log/runhybrid.log,../gen/Tst_test/MismatchedDiagonalBanking/log/p2pstat.log,True,,,14.367601505,,20,20,2,5,2,3,40,40,200,200,,,,,,,,,,,,,,,,,,,,,,,0:32.77,2512,,,False,True,,3.26115,3.26115,0:00.50,,,,False,False,,,,,"69920 OP, 27.83 GOPS","24864 OP, 9.90 GOPS","41248 OP, 16.42 GOPS",,"28672 OP, 11.41 GOPS","24864 OP, 9.90 GOPS",True,False,True
481d287,b0af048,2019-10-07 22:10:42,MixedIO,test,Tst,1000000000.0,../gen/Tst_test/MixedIO/log/runproute.log,../gen/Tst_test/MixedIO/log/runproute.sh,../gen/Tst_test/MixedIO/plastisim/summary.csv,../gen/Tst_test/MixedIO/pir/AccelMain.scala,../gen/Tst_test/MixedIO/log/,../gen/Tst_test/MixedIO/log/gentst.log,../gen/Tst_test/MixedIO/pir/out/resource.csv,../gen/Tst_test/MixedIO/log/maketst.log,../gen/Tst_test/MixedIO/log/runp2p.log,../gen/Tst_test/MixedIO/log/runhybrid.log,../gen/Tst_test/MixedIO/log/p2pstat.log,False,[error] FullyBanked.scala:150:78: Cannot bank MixedIO.scala:19:20 (y2),,,,,,,,,,,,,,,,,,,,,,,,,,,,,,,,,,,,,,,,False,False,,,,,,,,False,False,,,,,,,,,,,False,False,False
481d287,b0af048,2019-10-07 22:10:42,ModuloIndexing,test,Tst,1000000000.0,../gen/Tst_test/ModuloIndexing/log/runproute.log,../gen/Tst_test/ModuloIndexing/log/runproute.sh,../gen/Tst_test/ModuloIndexing/plastisim/summary.csv,../gen/Tst_test/ModuloIndexing/pir/AccelMain.scala,../gen/Tst_test/ModuloIndexing/log/,../gen/Tst_test/ModuloIndexing/log/gentst.log,../gen/Tst_test/ModuloIndexing/pir/out/resource.csv,../gen/Tst_test/ModuloIndexing/log/maketst.log,../gen/Tst_test/ModuloIndexing/log/runp2p.log,../gen/Tst_test/ModuloIndexing/log/runhybrid.log,../gen/Tst_test/ModuloIndexing/log/p2pstat.log,False,[error] //TODO: Plasticine does not support unbanked unrolled access at the moment. ,,,,,,,,,,,,,,,,,,,,,,,,,,,,,,,,,,,,,,,,False,False,,,,,,,,False,False,,,,,,,,,,,False,False,False
481d287,b0af048,2019-10-07 22:10:42,MultiArgOut,test,Tst,1000000000.0,../gen/Tst_test/MultiArgOut/log/runproute.log,../gen/Tst_test/MultiArgOut/log/runproute.sh,../gen/Tst_test/MultiArgOut/plastisim/summary.csv,../gen/Tst_test/MultiArgOut/pir/AccelMain.scala,../gen/Tst_test/MultiArgOut/log/,../gen/Tst_test/MultiArgOut/log/gentst.log,../gen/Tst_test/MultiArgOut/pir/out/resource.csv,../gen/Tst_test/MultiArgOut/log/maketst.log,../gen/Tst_test/MultiArgOut/log/runp2p.log,../gen/Tst_test/MultiArgOut/log/runhybrid.log,../gen/Tst_test/MultiArgOut/log/p2pstat.log,True,,,5.701293408,,20,20,0,0,0,0,40,40,200,200,,,,,,,,,,,,,,,,,,,,,,,0:25.30,2,,True,False,True,,0.0,0.0,0:00.49,,,,False,False,,,,,,,,,,,True,False,True
481d287,b0af048,2019-10-07 22:10:42,MultiTriplet,test,Tst,1000000000.0,../gen/Tst_test/MultiTriplet/log/runproute.log,../gen/Tst_test/MultiTriplet/log/runproute.sh,../gen/Tst_test/MultiTriplet/plastisim/summary.csv,../gen/Tst_test/MultiTriplet/pir/AccelMain.scala,../gen/Tst_test/MultiTriplet/log/,../gen/Tst_test/MultiTriplet/log/gentst.log,../gen/Tst_test/MultiTriplet/pir/out/resource.csv,../gen/Tst_test/MultiTriplet/log/maketst.log,../gen/Tst_test/MultiTriplet/log/runp2p.log,../gen/Tst_test/MultiTriplet/log/runhybrid.log,../gen/Tst_test/MultiTriplet/log/p2pstat.log,True,,"[[31merror[0m] Failed passes: 61-TungstenPIRGen
",9.535535999,,20,20,0,4,1,0,40,40,200,200,,,,,,,,,,,,,,,,,,,,,,,,,,,False,False,,,,,,,,False,False,,,,,,,,,,,False,False,False
481d287,b0af048,2019-10-07 22:10:42,MultiWriteBuffer,test,Tst,1000000000.0,../gen/Tst_test/MultiWriteBuffer/log/runproute.log,../gen/Tst_test/MultiWriteBuffer/log/runproute.sh,../gen/Tst_test/MultiWriteBuffer/plastisim/summary.csv,../gen/Tst_test/MultiWriteBuffer/pir/AccelMain.scala,../gen/Tst_test/MultiWriteBuffer/log/,../gen/Tst_test/MultiWriteBuffer/log/gentst.log,../gen/Tst_test/MultiWriteBuffer/pir/out/resource.csv,../gen/Tst_test/MultiWriteBuffer/log/maketst.log,../gen/Tst_test/MultiWriteBuffer/log/runp2p.log,../gen/Tst_test/MultiWriteBuffer/log/runhybrid.log,../gen/Tst_test/MultiWriteBuffer/log/p2pstat.log,True,,,15.968252291,,20,20,1,7,3,0,40,40,200,200,,,,,,,,,,,,,,,,,,,,,,,0:40.90,4872,,True,False,True,,0.0,0.210181,0:00.56,,,,False,False,,,,,"47152 OP, 9.68 GOPS","13360 OP, 2.74 GOPS","43056 OP, 8.84 GOPS",,"4096 OP, 0.84 GOPS","13360 OP, 2.74 GOPS",True,False,True
481d287,b0af048,2019-10-07 22:10:42,MultilevelPar,test,Tst,1000000000.0,../gen/Tst_test/MultilevelPar/log/runproute.log,../gen/Tst_test/MultilevelPar/log/runproute.sh,../gen/Tst_test/MultilevelPar/plastisim/summary.csv,../gen/Tst_test/MultilevelPar/pir/AccelMain.scala,../gen/Tst_test/MultilevelPar/log/,../gen/Tst_test/MultilevelPar/log/gentst.log,../gen/Tst_test/MultilevelPar/pir/out/resource.csv,../gen/Tst_test/MultilevelPar/log/maketst.log,../gen/Tst_test/MultilevelPar/log/runp2p.log,../gen/Tst_test/MultilevelPar/log/runhybrid.log,../gen/Tst_test/MultilevelPar/log/p2pstat.log,True,,,23.749649416,,20,20,2,24,2,2,40,40,200,200,,,,,,,,,,,,,,,,,,,,,,,0:40.89,691,,,False,True,,0.0,2.96382,0:00.40,,,,False,False,,,,,"75840 OP, 109.75 GOPS","15328 OP, 22.18 GOPS","30976 OP, 44.83 GOPS",,"44864 OP, 64.93 GOPS","15328 OP, 22.18 GOPS",True,False,True
481d287,b0af048,2019-10-07 22:10:42,MultiplexedSRAMAccum,test,Tst,1000000000.0,../gen/Tst_test/MultiplexedSRAMAccum/log/runproute.log,../gen/Tst_test/MultiplexedSRAMAccum/log/runproute.sh,../gen/Tst_test/MultiplexedSRAMAccum/plastisim/summary.csv,../gen/Tst_test/MultiplexedSRAMAccum/pir/AccelMain.scala,../gen/Tst_test/MultiplexedSRAMAccum/log/,../gen/Tst_test/MultiplexedSRAMAccum/log/gentst.log,../gen/Tst_test/MultiplexedSRAMAccum/pir/out/resource.csv,../gen/Tst_test/MultiplexedSRAMAccum/log/maketst.log,../gen/Tst_test/MultiplexedSRAMAccum/log/runp2p.log,../gen/Tst_test/MultiplexedSRAMAccum/log/runhybrid.log,../gen/Tst_test/MultiplexedSRAMAccum/log/p2pstat.log,True,,,19.097836642,,20,20,2,15,8,0,40,40,200,200,,,,,,,,,,,,,,,,,,,,,,,0:44.73,3051,,,False,True,,0.0419535,0.0419535,0:00.75,,,,False,False,,,,,"13441 OP, 4.41 GOPS","13441 OP, 4.41 GOPS","3168 OP, 1.04 GOPS",,"10273 OP, 3.37 GOPS","13441 OP, 4.41 GOPS",True,False,True
481d287,b0af048,2019-10-07 22:10:42,MultiplexedWrites,test,Tst,1000000000.0,../gen/Tst_test/MultiplexedWrites/log/runproute.log,../gen/Tst_test/MultiplexedWrites/log/runproute.sh,../gen/Tst_test/MultiplexedWrites/plastisim/summary.csv,../gen/Tst_test/MultiplexedWrites/pir/AccelMain.scala,../gen/Tst_test/MultiplexedWrites/log/,../gen/Tst_test/MultiplexedWrites/log/gentst.log,../gen/Tst_test/MultiplexedWrites/pir/out/resource.csv,../gen/Tst_test/MultiplexedWrites/log/maketst.log,../gen/Tst_test/MultiplexedWrites/log/runp2p.log,../gen/Tst_test/MultiplexedWrites/log/runhybrid.log,../gen/Tst_test/MultiplexedWrites/log/p2pstat.log,True,,,18.141996312,,20,20,3,8,3,2,40,40,200,200,,,,,,,,,,,,,,,,,,,,,,,0:41.56,6722,,,False,True,,0.228503,0.571259,0:00.69,,,,False,False,,,,,"311532 OP, 46.35 GOPS","29232 OP, 4.35 GOPS","26412 OP, 3.93 GOPS",,"285120 OP, 42.42 GOPS","29232 OP, 4.35 GOPS",True,False,True
481d287,b0af048,2019-10-07 22:10:42,MuxTest,test,Tst,1000000000.0,../gen/Tst_test/MuxTest/log/runproute.log,../gen/Tst_test/MuxTest/log/runproute.sh,../gen/Tst_test/MuxTest/plastisim/summary.csv,../gen/Tst_test/MuxTest/pir/AccelMain.scala,../gen/Tst_test/MuxTest/log/,../gen/Tst_test/MuxTest/log/gentst.log,../gen/Tst_test/MuxTest/pir/out/resource.csv,../gen/Tst_test/MuxTest/log/maketst.log,../gen/Tst_test/MuxTest/log/runp2p.log,../gen/Tst_test/MuxTest/log/runhybrid.log,../gen/Tst_test/MuxTest/log/p2pstat.log,True,,"[0m[[0m[31merror[0m] [0m[0m/home/yaqiz/pldi20/spatial/gen/Tst_test/MuxTest/pir/AccelMain.scala:44:38: not found: value OneHotMux5[0m
",,,,,,,,,,,,,,,,,,,,,,,,,,,,,,,,,,,,,,,False,False,,,,,,,,False,False,,,,,,,,,,,False,False,False
481d287,b0af048,2019-10-07 22:10:42,NIter,test,Tst,1000000000.0,../gen/Tst_test/NIter/log/runproute.log,../gen/Tst_test/NIter/log/runproute.sh,../gen/Tst_test/NIter/plastisim/summary.csv,../gen/Tst_test/NIter/pir/AccelMain.scala,../gen/Tst_test/NIter/log/,../gen/Tst_test/NIter/log/gentst.log,../gen/Tst_test/NIter/pir/out/resource.csv,../gen/Tst_test/NIter/log/maketst.log,../gen/Tst_test/NIter/log/runp2p.log,../gen/Tst_test/NIter/log/runhybrid.log,../gen/Tst_test/NIter/log/p2pstat.log,True,,,8.6184343,,20,20,0,1,0,0,40,40,200,200,,,,,,,,,,,,,,,,,,,,,,,0:26.71,204,,True,False,True,,0.0,0.0,0:00.58,,,,False,False,,,,,"384 OP, 1.88 GOPS","192 OP, 0.94 GOPS","384 OP, 1.88 GOPS",,,"192 OP, 0.94 GOPS",True,False,True
481d287,b0af048,2019-10-07 22:10:42,NIter2,test,Tst,1000000000.0,../gen/Tst_test/NIter2/log/runproute.log,../gen/Tst_test/NIter2/log/runproute.sh,../gen/Tst_test/NIter2/plastisim/summary.csv,../gen/Tst_test/NIter2/pir/AccelMain.scala,../gen/Tst_test/NIter2/log/,../gen/Tst_test/NIter2/log/gentst.log,../gen/Tst_test/NIter2/pir/out/resource.csv,../gen/Tst_test/NIter2/log/maketst.log,../gen/Tst_test/NIter2/log/runp2p.log,../gen/Tst_test/NIter2/log/runhybrid.log,../gen/Tst_test/NIter2/log/p2pstat.log,True,,,9.870704646,,20,20,0,2,0,0,40,40,200,200,,,,,,,,,,,,,,,,,,,,,,,0:25.64,121,,,False,True,,0.0,0.0,0:00.41,,,,False,False,,,,,"214 OP, 1.77 GOPS","114 OP, 0.94 GOPS","214 OP, 1.77 GOPS",,,"114 OP, 0.94 GOPS",True,False,True
481d287,b0af048,2019-10-07 22:10:42,NW_alg,test,Tst,1000000000.0,../gen/Tst_test/NW_alg/log/runproute.log,../gen/Tst_test/NW_alg/log/runproute.sh,../gen/Tst_test/NW_alg/plastisim/summary.csv,../gen/Tst_test/NW_alg/pir/AccelMain.scala,../gen/Tst_test/NW_alg/log/,../gen/Tst_test/NW_alg/log/gentst.log,../gen/Tst_test/NW_alg/pir/out/resource.csv,../gen/Tst_test/NW_alg/log/maketst.log,../gen/Tst_test/NW_alg/log/runp2p.log,../gen/Tst_test/NW_alg/log/runhybrid.log,../gen/Tst_test/NW_alg/log/p2pstat.log,False,[error] //TODO: Plasticine does not support unbanked unrolled access at the moment. ,,,,,,,,,,,,,,,,,,,,,,,,,,,,,,,,,,,,,,,,False,False,,,,,,,,False,False,,,,,,,,,,,False,False,False
481d287,b0af048,2019-10-07 22:10:42,NestedAlias,test,Tst,1000000000.0,../gen/Tst_test/NestedAlias/log/runproute.log,../gen/Tst_test/NestedAlias/log/runproute.sh,../gen/Tst_test/NestedAlias/plastisim/summary.csv,../gen/Tst_test/NestedAlias/pir/AccelMain.scala,../gen/Tst_test/NestedAlias/log/,../gen/Tst_test/NestedAlias/log/gentst.log,../gen/Tst_test/NestedAlias/pir/out/resource.csv,../gen/Tst_test/NestedAlias/log/maketst.log,../gen/Tst_test/NestedAlias/log/runp2p.log,../gen/Tst_test/NestedAlias/log/runhybrid.log,../gen/Tst_test/NestedAlias/log/p2pstat.log,True,,,10.6545817,,20,20,0,1,1,0,40,40,200,200,,,,,,,,,,,,,,,,,,,,,,,0:29.12,1,,,False,True,,0.0,0.0,0:00.57,,,,False,False,,,,,"0 OP, 0.00 GOPS","0 OP, 0.00 GOPS","0 OP, 0.00 GOPS",,"0 OP, 0.00 GOPS","0 OP, 0.00 GOPS",True,False,True
481d287,b0af048,2019-10-07 22:10:42,NestedIfs,test,Tst,1000000000.0,../gen/Tst_test/NestedIfs/log/runproute.log,../gen/Tst_test/NestedIfs/log/runproute.sh,../gen/Tst_test/NestedIfs/plastisim/summary.csv,../gen/Tst_test/NestedIfs/pir/AccelMain.scala,../gen/Tst_test/NestedIfs/log/,../gen/Tst_test/NestedIfs/log/gentst.log,../gen/Tst_test/NestedIfs/pir/out/resource.csv,../gen/Tst_test/NestedIfs/log/maketst.log,../gen/Tst_test/NestedIfs/log/runp2p.log,../gen/Tst_test/NestedIfs/log/runhybrid.log,../gen/Tst_test/NestedIfs/log/p2pstat.log,True,,,10.834515496,,20,20,0,4,1,0,40,40,200,200,,,,,,,,,,,,,,,,,,,,,,,0:35.84,10023,"Assertion fail:
",,True,False,,0.0,0.0,0:00.66,,,,False,False,,,,,,,,,,,False,False,False
481d287,b0af048,2019-10-07 22:10:42,NoMerge1D,test,Tst,1000000000.0,../gen/Tst_test/NoMerge1D/log/runproute.log,../gen/Tst_test/NoMerge1D/log/runproute.sh,../gen/Tst_test/NoMerge1D/plastisim/summary.csv,../gen/Tst_test/NoMerge1D/pir/AccelMain.scala,../gen/Tst_test/NoMerge1D/log/,../gen/Tst_test/NoMerge1D/log/gentst.log,../gen/Tst_test/NoMerge1D/pir/out/resource.csv,../gen/Tst_test/NoMerge1D/log/maketst.log,../gen/Tst_test/NoMerge1D/log/runp2p.log,../gen/Tst_test/NoMerge1D/log/runhybrid.log,../gen/Tst_test/NoMerge1D/log/p2pstat.log,True,,"[[31merror[0m] Failed passes: 14-MemoryLowering
",3.513402195,,20,20,,,,,,,,,,,,,,,,,,,,,,,,,,,,,,,,,,,False,False,,,,,,,,False,False,,,,,,,,,,,False,False,False
481d287,b0af048,2019-10-07 22:10:42,OOBTest,test,Tst,1000000000.0,../gen/Tst_test/OOBTest/log/runproute.log,../gen/Tst_test/OOBTest/log/runproute.sh,../gen/Tst_test/OOBTest/plastisim/summary.csv,../gen/Tst_test/OOBTest/pir/AccelMain.scala,../gen/Tst_test/OOBTest/log/,../gen/Tst_test/OOBTest/log/gentst.log,../gen/Tst_test/OOBTest/pir/out/resource.csv,../gen/Tst_test/OOBTest/log/maketst.log,../gen/Tst_test/OOBTest/log/runp2p.log,../gen/Tst_test/OOBTest/log/runhybrid.log,../gen/Tst_test/OOBTest/log/p2pstat.log,True,,,16.466103523,,20,20,2,7,1,0,40,40,200,200,,,,,,,,,,,,,,,,,,,,,,,0:36.32,,"[0;31mCaught exception on cycle 60: /DUT/Top/SRAM8/SRAM8_b0/SRAM8_b0_k0: SRAM write out of range write_addr:13 N:13[0m
",,False,False,,1.06667,0.0,0:00.66,,,,False,False,,,,,,,,,,,False,False,False
481d287,b0af048,2019-10-07 22:10:42,OpticalFlow,test,Tst,1000000000.0,../gen/Tst_test/OpticalFlow/log/runproute.log,../gen/Tst_test/OpticalFlow/log/runproute.sh,../gen/Tst_test/OpticalFlow/plastisim/summary.csv,../gen/Tst_test/OpticalFlow/pir/AccelMain.scala,../gen/Tst_test/OpticalFlow/log/,../gen/Tst_test/OpticalFlow/log/gentst.log,../gen/Tst_test/OpticalFlow/pir/out/resource.csv,../gen/Tst_test/OpticalFlow/log/maketst.log,../gen/Tst_test/OpticalFlow/log/runp2p.log,../gen/Tst_test/OpticalFlow/log/runhybrid.log,../gen/Tst_test/OpticalFlow/log/p2pstat.log,True,,,,,,,,,,,,,,,,,,,,,,,,,,,,,,,,,,,,,,,,,False,False,,,,,,,,False,False,,,,,,,,,,,False,False,False
481d287,b0af048,2019-10-07 22:10:42,OuterForeachUnrolling,test,Tst,1000000000.0,../gen/Tst_test/OuterForeachUnrolling/log/runproute.log,../gen/Tst_test/OuterForeachUnrolling/log/runproute.sh,../gen/Tst_test/OuterForeachUnrolling/plastisim/summary.csv,../gen/Tst_test/OuterForeachUnrolling/pir/AccelMain.scala,../gen/Tst_test/OuterForeachUnrolling/log/,../gen/Tst_test/OuterForeachUnrolling/log/gentst.log,../gen/Tst_test/OuterForeachUnrolling/pir/out/resource.csv,../gen/Tst_test/OuterForeachUnrolling/log/maketst.log,../gen/Tst_test/OuterForeachUnrolling/log/runp2p.log,../gen/Tst_test/OuterForeachUnrolling/log/runhybrid.log,../gen/Tst_test/OuterForeachUnrolling/log/p2pstat.log,True,,,14.120940035,,20,20,2,7,2,0,40,40,200,200,,,,,,,,,,,,,,,,,,,,,,,0:37.54,63,,True,False,True,,0.0,2.03175,0:00.55,,,,False,False,,,,,"20 OP, 0.32 GOPS","20 OP, 0.32 GOPS","20 OP, 0.32 GOPS",,,"20 OP, 0.32 GOPS",True,False,True
481d287,b0af048,2019-10-07 22:10:42,OuterForeachUnrolling2,test,Tst,1000000000.0,../gen/Tst_test/OuterForeachUnrolling2/log/runproute.log,../gen/Tst_test/OuterForeachUnrolling2/log/runproute.sh,../gen/Tst_test/OuterForeachUnrolling2/plastisim/summary.csv,../gen/Tst_test/OuterForeachUnrolling2/pir/AccelMain.scala,../gen/Tst_test/OuterForeachUnrolling2/log/,../gen/Tst_test/OuterForeachUnrolling2/log/gentst.log,../gen/Tst_test/OuterForeachUnrolling2/pir/out/resource.csv,../gen/Tst_test/OuterForeachUnrolling2/log/maketst.log,../gen/Tst_test/OuterForeachUnrolling2/log/runp2p.log,../gen/Tst_test/OuterForeachUnrolling2/log/runhybrid.log,../gen/Tst_test/OuterForeachUnrolling2/log/p2pstat.log,True,,,24.040237084,,20,20,8,20,8,0,40,40,200,200,,,,,,,,,,,,,,,,,,,,,,,0:57.42,10583,"Assertion fail:
",True,True,False,,0.00604743,0.108854,0:01.73,,,,False,False,,,,,,,,,,,False,False,False
481d287,b0af048,2019-10-07 22:10:42,OuterForeachUnrolling2POM,test,Tst,1000000000.0,../gen/Tst_test/OuterForeachUnrolling2POM/log/runproute.log,../gen/Tst_test/OuterForeachUnrolling2POM/log/runproute.sh,../gen/Tst_test/OuterForeachUnrolling2POM/plastisim/summary.csv,../gen/Tst_test/OuterForeachUnrolling2POM/pir/AccelMain.scala,../gen/Tst_test/OuterForeachUnrolling2POM/log/,../gen/Tst_test/OuterForeachUnrolling2POM/log/gentst.log,../gen/Tst_test/OuterForeachUnrolling2POM/pir/out/resource.csv,../gen/Tst_test/OuterForeachUnrolling2POM/log/maketst.log,../gen/Tst_test/OuterForeachUnrolling2POM/log/runp2p.log,../gen/Tst_test/OuterForeachUnrolling2POM/log/runhybrid.log,../gen/Tst_test/OuterForeachUnrolling2POM/log/p2pstat.log,True,,,26.028053854,,20,20,8,20,8,0,40,40,200,200,,,,,,,,,,,,,,,,,,,,,,,1:01.77,10583,"Assertion fail:
",True,True,False,,0.00604743,0.108854,0:01.88,,,,False,False,,,,,,,,,,,False,False,False
481d287,b0af048,2019-10-07 22:10:42,OuterForeachUnrollingFlagged,test,Tst,1000000000.0,../gen/Tst_test/OuterForeachUnrollingFlagged/log/runproute.log,../gen/Tst_test/OuterForeachUnrollingFlagged/log/runproute.sh,../gen/Tst_test/OuterForeachUnrollingFlagged/plastisim/summary.csv,../gen/Tst_test/OuterForeachUnrollingFlagged/pir/AccelMain.scala,../gen/Tst_test/OuterForeachUnrollingFlagged/log/,../gen/Tst_test/OuterForeachUnrollingFlagged/log/gentst.log,../gen/Tst_test/OuterForeachUnrollingFlagged/pir/out/resource.csv,../gen/Tst_test/OuterForeachUnrollingFlagged/log/maketst.log,../gen/Tst_test/OuterForeachUnrollingFlagged/log/runp2p.log,../gen/Tst_test/OuterForeachUnrollingFlagged/log/runhybrid.log,../gen/Tst_test/OuterForeachUnrollingFlagged/log/p2pstat.log,False,[error] TODO: Plasticine doesn't support POM yet,,,,,,,,,,,,,,,,,,,,,,,,,,,,,,,,,,,,,,,,False,False,,,,,,,,False,False,,,,,,,,,,,False,False,False
481d287,b0af048,2019-10-07 22:10:42,OuterForeachUnrollingFlaggedPOM,test,Tst,1000000000.0,../gen/Tst_test/OuterForeachUnrollingFlaggedPOM/log/runproute.log,../gen/Tst_test/OuterForeachUnrollingFlaggedPOM/log/runproute.sh,../gen/Tst_test/OuterForeachUnrollingFlaggedPOM/plastisim/summary.csv,../gen/Tst_test/OuterForeachUnrollingFlaggedPOM/pir/AccelMain.scala,../gen/Tst_test/OuterForeachUnrollingFlaggedPOM/log/,../gen/Tst_test/OuterForeachUnrollingFlaggedPOM/log/gentst.log,../gen/Tst_test/OuterForeachUnrollingFlaggedPOM/pir/out/resource.csv,../gen/Tst_test/OuterForeachUnrollingFlaggedPOM/log/maketst.log,../gen/Tst_test/OuterForeachUnrollingFlaggedPOM/log/runp2p.log,../gen/Tst_test/OuterForeachUnrollingFlaggedPOM/log/runhybrid.log,../gen/Tst_test/OuterForeachUnrollingFlaggedPOM/log/p2pstat.log,False,[error] TODO: Plasticine doesn't support POM yet,,,,,,,,,,,,,,,,,,,,,,,,,,,,,,,,,,,,,,,,False,False,,,,,,,,False,False,,,,,,,,,,,False,False,False
481d287,b0af048,2019-10-07 22:10:42,OuterForeachUnrollingPOM,test,Tst,1000000000.0,../gen/Tst_test/OuterForeachUnrollingPOM/log/runproute.log,../gen/Tst_test/OuterForeachUnrollingPOM/log/runproute.sh,../gen/Tst_test/OuterForeachUnrollingPOM/plastisim/summary.csv,../gen/Tst_test/OuterForeachUnrollingPOM/pir/AccelMain.scala,../gen/Tst_test/OuterForeachUnrollingPOM/log/,../gen/Tst_test/OuterForeachUnrollingPOM/log/gentst.log,../gen/Tst_test/OuterForeachUnrollingPOM/pir/out/resource.csv,../gen/Tst_test/OuterForeachUnrollingPOM/log/maketst.log,../gen/Tst_test/OuterForeachUnrollingPOM/log/runp2p.log,../gen/Tst_test/OuterForeachUnrollingPOM/log/runhybrid.log,../gen/Tst_test/OuterForeachUnrollingPOM/log/p2pstat.log,True,,,13.370937805,,20,20,2,7,2,0,40,40,200,200,,,,,,,,,,,,,,,,,,,,,,,0:35.44,63,,True,False,True,,0.0,2.03175,0:00.52,,,,False,False,,,,,"20 OP, 0.32 GOPS","20 OP, 0.32 GOPS","20 OP, 0.32 GOPS",,,"20 OP, 0.32 GOPS",True,False,True
481d287,b0af048,2019-10-07 22:10:42,OuterProduct,test,Tst,1000000000.0,../gen/Tst_test/OuterProduct/log/runproute.log,../gen/Tst_test/OuterProduct/log/runproute.sh,../gen/Tst_test/OuterProduct/plastisim/summary.csv,../gen/Tst_test/OuterProduct/pir/AccelMain.scala,../gen/Tst_test/OuterProduct/log/,../gen/Tst_test/OuterProduct/log/gentst.log,../gen/Tst_test/OuterProduct/pir/out/resource.csv,../gen/Tst_test/OuterProduct/log/maketst.log,../gen/Tst_test/OuterProduct/log/runp2p.log,../gen/Tst_test/OuterProduct/log/runhybrid.log,../gen/Tst_test/OuterProduct/log/p2pstat.log,True,,,24.781507208,,20,20,3,4,3,8,40,40,200,200,,,,,,,,,,,,,,,,,,,,,,,0:51.60,51573,,True,False,True,,1.85027,31.7686,0:04.37,,,,False,False,,,,,"7301600 OP, 141.58 GOPS","2959200 OP, 57.38 GOPS","4610400 OP, 89.40 GOPS",,"2691200 OP, 52.18 GOPS","2959200 OP, 57.38 GOPS",True,False,True
481d287,b0af048,2019-10-07 22:10:42,OuterReduceUnrolling,test,Tst,1000000000.0,../gen/Tst_test/OuterReduceUnrolling/log/runproute.log,../gen/Tst_test/OuterReduceUnrolling/log/runproute.sh,../gen/Tst_test/OuterReduceUnrolling/plastisim/summary.csv,../gen/Tst_test/OuterReduceUnrolling/pir/AccelMain.scala,../gen/Tst_test/OuterReduceUnrolling/log/,../gen/Tst_test/OuterReduceUnrolling/log/gentst.log,../gen/Tst_test/OuterReduceUnrolling/pir/out/resource.csv,../gen/Tst_test/OuterReduceUnrolling/log/maketst.log,../gen/Tst_test/OuterReduceUnrolling/log/runp2p.log,../gen/Tst_test/OuterReduceUnrolling/log/runhybrid.log,../gen/Tst_test/OuterReduceUnrolling/log/p2pstat.log,True,,,12.466733811,,20,20,0,4,2,0,40,40,200,200,,,,,,,,,,,,,,,,,,,,,,,0:30.02,43,,True,False,True,,0.0,0.0,0:00.41,,,,False,False,,,,,"17 OP, 0.40 GOPS","17 OP, 0.40 GOPS","17 OP, 0.40 GOPS",,,"17 OP, 0.40 GOPS",True,False,True
481d287,b0af048,2019-10-07 22:10:42,OuterReduceUnrolling2,test,Tst,1000000000.0,../gen/Tst_test/OuterReduceUnrolling2/log/runproute.log,../gen/Tst_test/OuterReduceUnrolling2/log/runproute.sh,../gen/Tst_test/OuterReduceUnrolling2/plastisim/summary.csv,../gen/Tst_test/OuterReduceUnrolling2/pir/AccelMain.scala,../gen/Tst_test/OuterReduceUnrolling2/log/,../gen/Tst_test/OuterReduceUnrolling2/log/gentst.log,../gen/Tst_test/OuterReduceUnrolling2/pir/out/resource.csv,../gen/Tst_test/OuterReduceUnrolling2/log/maketst.log,../gen/Tst_test/OuterReduceUnrolling2/log/runp2p.log,../gen/Tst_test/OuterReduceUnrolling2/log/runhybrid.log,../gen/Tst_test/OuterReduceUnrolling2/log/p2pstat.log,True,,,10.991124042,,20,20,0,6,0,0,40,40,200,200,,,,,,,,,,,,,,,,,,,,,,,0:27.02,50,,True,False,True,,0.0,0.0,0:00.42,,,,False,False,,,,,"249 OP, 4.98 GOPS","25 OP, 0.50 GOPS","247 OP, 4.94 GOPS",,"2 OP, 0.04 GOPS","25 OP, 0.50 GOPS",True,False,True
481d287,b0af048,2019-10-07 22:10:42,OuterSwitch,test,Tst,1000000000.0,../gen/Tst_test/OuterSwitch/log/runproute.log,../gen/Tst_test/OuterSwitch/log/runproute.sh,../gen/Tst_test/OuterSwitch/plastisim/summary.csv,../gen/Tst_test/OuterSwitch/pir/AccelMain.scala,../gen/Tst_test/OuterSwitch/log/,../gen/Tst_test/OuterSwitch/log/gentst.log,../gen/Tst_test/OuterSwitch/pir/out/resource.csv,../gen/Tst_test/OuterSwitch/log/maketst.log,../gen/Tst_test/OuterSwitch/log/runp2p.log,../gen/Tst_test/OuterSwitch/log/runhybrid.log,../gen/Tst_test/OuterSwitch/log/p2pstat.log,True,,,11.982382665,,20,20,1,6,1,0,40,40,200,200,,,,,,,,,,,,,,,,,,,,,,,0:33.02,113,,,False,True,,0.0,1.13274,0:00.48,,,,False,False,,,,,"74 OP, 0.65 GOPS","2 OP, 0.02 GOPS","2 OP, 0.02 GOPS",,"72 OP, 0.64 GOPS","2 OP, 0.02 GOPS",True,False,True
481d287,b0af048,2019-10-07 22:10:42,PageBoundaryStraddle,test,Tst,1000000000.0,../gen/Tst_test/PageBoundaryStraddle/log/runproute.log,../gen/Tst_test/PageBoundaryStraddle/log/runproute.sh,../gen/Tst_test/PageBoundaryStraddle/plastisim/summary.csv,../gen/Tst_test/PageBoundaryStraddle/pir/AccelMain.scala,../gen/Tst_test/PageBoundaryStraddle/log/,../gen/Tst_test/PageBoundaryStraddle/log/gentst.log,../gen/Tst_test/PageBoundaryStraddle/pir/out/resource.csv,../gen/Tst_test/PageBoundaryStraddle/log/maketst.log,../gen/Tst_test/PageBoundaryStraddle/log/runp2p.log,../gen/Tst_test/PageBoundaryStraddle/log/runhybrid.log,../gen/Tst_test/PageBoundaryStraddle/log/p2pstat.log,True,,,17.974047848,,20,20,3,10,3,3,40,40,200,200,,,,,,,,,,,,,,,,,,,,,,,0:47.13,927,,True,False,True,,3.72816,7.45631,0:00.47,,,,False,False,,,,,"84888 OP, 91.57 GOPS","8856 OP, 9.55 GOPS","9702 OP, 10.47 GOPS",,"75186 OP, 81.11 GOPS","8856 OP, 9.55 GOPS",True,False,True
481d287,b0af048,2019-10-07 22:10:42,PageRank,test,Tst,1000000000.0,../gen/Tst_test/PageRank/log/runproute.log,../gen/Tst_test/PageRank/log/runproute.sh,../gen/Tst_test/PageRank/plastisim/summary.csv,../gen/Tst_test/PageRank/pir/AccelMain.scala,../gen/Tst_test/PageRank/log/,../gen/Tst_test/PageRank/log/gentst.log,../gen/Tst_test/PageRank/pir/out/resource.csv,../gen/Tst_test/PageRank/log/maketst.log,../gen/Tst_test/PageRank/log/runp2p.log,../gen/Tst_test/PageRank/log/runhybrid.log,../gen/Tst_test/PageRank/log/p2pstat.log,True,,"[0m[[0m[31merror[0m] [0m[0m/home/yaqiz/pldi20/spatial/gen/Tst_test/PageRank/pir/AccelMain.scala:566:71: not found: value x1173[0m
",,,,,,,,,,,,,,,,,,,,,,,,,,,,,,,,,,,,,,,False,False,,,,,,,,False,False,,,,,,,,,,,False,False,False
481d287,b0af048,2019-10-07 22:10:42,PageRank_Bulk,test,Tst,1000000000.0,../gen/Tst_test/PageRank_Bulk/log/runproute.log,../gen/Tst_test/PageRank_Bulk/log/runproute.sh,../gen/Tst_test/PageRank_Bulk/plastisim/summary.csv,../gen/Tst_test/PageRank_Bulk/pir/AccelMain.scala,../gen/Tst_test/PageRank_Bulk/log/,../gen/Tst_test/PageRank_Bulk/log/gentst.log,../gen/Tst_test/PageRank_Bulk/pir/out/resource.csv,../gen/Tst_test/PageRank_Bulk/log/maketst.log,../gen/Tst_test/PageRank_Bulk/log/runp2p.log,../gen/Tst_test/PageRank_Bulk/log/runhybrid.log,../gen/Tst_test/PageRank_Bulk/log/p2pstat.log,True,,"[0m[[0m[31merror[0m] [0m[0m/home/yaqiz/pldi20/spatial/gen/Tst_test/PageRank_Bulk/pir/AccelMain.scala:440:71: not found: value x1147[0m
",,,,,,,,,,,,,,,,,,,,,,,,,,,,,,,,,,,,,,,False,False,,,,,,,,False,False,,,,,,,,,,,False,False,False
481d287,b0af048,2019-10-07 22:10:42,ParFIFOLoad,test,Tst,1000000000.0,../gen/Tst_test/ParFIFOLoad/log/runproute.log,../gen/Tst_test/ParFIFOLoad/log/runproute.sh,../gen/Tst_test/ParFIFOLoad/plastisim/summary.csv,../gen/Tst_test/ParFIFOLoad/pir/AccelMain.scala,../gen/Tst_test/ParFIFOLoad/log/,../gen/Tst_test/ParFIFOLoad/log/gentst.log,../gen/Tst_test/ParFIFOLoad/pir/out/resource.csv,../gen/Tst_test/ParFIFOLoad/log/maketst.log,../gen/Tst_test/ParFIFOLoad/log/runp2p.log,../gen/Tst_test/ParFIFOLoad/log/runhybrid.log,../gen/Tst_test/ParFIFOLoad/log/p2pstat.log,True,,,11.160446476,,20,20,2,5,0,0,40,40,200,200,,,,,,,,,,,,,,,,,,,,,,,0:26.60,238,,,False,True,,6.45378,0.0,0:00.54,,,,False,False,,,,,"396 OP, 1.66 GOPS","12 OP, 0.05 GOPS","12 OP, 0.05 GOPS",,"384 OP, 1.61 GOPS","12 OP, 0.05 GOPS",True,False,True
481d287,b0af048,2019-10-07 22:10:42,ParFIFOLoad2,test,Tst,1000000000.0,../gen/Tst_test/ParFIFOLoad2/log/runproute.log,../gen/Tst_test/ParFIFOLoad2/log/runproute.sh,../gen/Tst_test/ParFIFOLoad2/plastisim/summary.csv,../gen/Tst_test/ParFIFOLoad2/pir/AccelMain.scala,../gen/Tst_test/ParFIFOLoad2/log/,../gen/Tst_test/ParFIFOLoad2/log/gentst.log,../gen/Tst_test/ParFIFOLoad2/pir/out/resource.csv,../gen/Tst_test/ParFIFOLoad2/log/maketst.log,../gen/Tst_test/ParFIFOLoad2/log/runp2p.log,../gen/Tst_test/ParFIFOLoad2/log/runhybrid.log,../gen/Tst_test/ParFIFOLoad2/log/p2pstat.log,True,,,16.298788071,,20,20,3,7,0,0,40,40,200,200,,,,,,,,,,,,,,,,,,,,,,,0:31.92,430,,,False,True,,10.7163,0.0,0:00.50,,,,False,False,,,,,"1206 OP, 2.80 GOPS","438 OP, 1.02 GOPS","438 OP, 1.02 GOPS",,"768 OP, 1.79 GOPS","438 OP, 1.02 GOPS",True,False,True
481d287,b0af048,2019-10-07 22:10:42,ParLaneMask,test,Tst,1000000000.0,../gen/Tst_test/ParLaneMask/log/runproute.log,../gen/Tst_test/ParLaneMask/log/runproute.sh,../gen/Tst_test/ParLaneMask/plastisim/summary.csv,../gen/Tst_test/ParLaneMask/pir/AccelMain.scala,../gen/Tst_test/ParLaneMask/log/,../gen/Tst_test/ParLaneMask/log/gentst.log,../gen/Tst_test/ParLaneMask/pir/out/resource.csv,../gen/Tst_test/ParLaneMask/log/maketst.log,../gen/Tst_test/ParLaneMask/log/runp2p.log,../gen/Tst_test/ParLaneMask/log/runhybrid.log,../gen/Tst_test/ParLaneMask/log/p2pstat.log,True,,"[[31merror[0m] Failed passes: 61-TungstenPIRGen
",32.824702813,,20,20,1,30,16,3,40,40,200,200,,,,,,,,,,,,,,,,,,,,,,,,,,,False,False,,,,,,,,False,False,,,,,,,,,,,False,False,False
481d287,b0af048,2019-10-07 22:10:42,ParallelLCA,test,Tst,1000000000.0,../gen/Tst_test/ParallelLCA/log/runproute.log,../gen/Tst_test/ParallelLCA/log/runproute.sh,../gen/Tst_test/ParallelLCA/plastisim/summary.csv,../gen/Tst_test/ParallelLCA/pir/AccelMain.scala,../gen/Tst_test/ParallelLCA/log/,../gen/Tst_test/ParallelLCA/log/gentst.log,../gen/Tst_test/ParallelLCA/pir/out/resource.csv,../gen/Tst_test/ParallelLCA/log/maketst.log,../gen/Tst_test/ParallelLCA/log/runp2p.log,../gen/Tst_test/ParallelLCA/log/runhybrid.log,../gen/Tst_test/ParallelLCA/log/p2pstat.log,True,,,21.807180392,,20,20,1,24,2,0,40,40,200,200,,,,,,,,,,,,,,,,,,,,,,,0:46.08,292,,,False,True,,0.219178,0.219178,0:00.47,,,,False,False,,,,,"10000 OP, 34.25 GOPS","1440 OP, 4.93 GOPS","4000 OP, 13.70 GOPS",,"6000 OP, 20.55 GOPS","1440 OP, 4.93 GOPS",True,False,True
481d287,b0af048,2019-10-07 22:10:42,ParallelPipeInsertion,test,Tst,1000000000.0,../gen/Tst_test/ParallelPipeInsertion/log/runproute.log,../gen/Tst_test/ParallelPipeInsertion/log/runproute.sh,../gen/Tst_test/ParallelPipeInsertion/plastisim/summary.csv,../gen/Tst_test/ParallelPipeInsertion/pir/AccelMain.scala,../gen/Tst_test/ParallelPipeInsertion/log/,../gen/Tst_test/ParallelPipeInsertion/log/gentst.log,../gen/Tst_test/ParallelPipeInsertion/pir/out/resource.csv,../gen/Tst_test/ParallelPipeInsertion/log/maketst.log,../gen/Tst_test/ParallelPipeInsertion/log/runp2p.log,../gen/Tst_test/ParallelPipeInsertion/log/runhybrid.log,../gen/Tst_test/ParallelPipeInsertion/log/p2pstat.log,True,,,,,,,,,,,,,,,,,,,,,,,,,,,,,,,,,,,,,,,,,False,False,,,,,,,,False,False,,,,,,,,,,,False,False,False
481d287,b0af048,2019-10-07 22:10:42,PartialMemReduce1D,test,Tst,1000000000.0,../gen/Tst_test/PartialMemReduce1D/log/runproute.log,../gen/Tst_test/PartialMemReduce1D/log/runproute.sh,../gen/Tst_test/PartialMemReduce1D/plastisim/summary.csv,../gen/Tst_test/PartialMemReduce1D/pir/AccelMain.scala,../gen/Tst_test/PartialMemReduce1D/log/,../gen/Tst_test/PartialMemReduce1D/log/gentst.log,../gen/Tst_test/PartialMemReduce1D/pir/out/resource.csv,../gen/Tst_test/PartialMemReduce1D/log/maketst.log,../gen/Tst_test/PartialMemReduce1D/log/runp2p.log,../gen/Tst_test/PartialMemReduce1D/log/runhybrid.log,../gen/Tst_test/PartialMemReduce1D/log/p2pstat.log,True,,,18.190523613,,20,20,3,8,6,3,40,40,200,200,,,,,,,,,,,,,,,,,,,,,,,0:42.91,2407,,True,False,True,,3.19069,0.319069,0:00.47,,,,False,False,,,,,"115226 OP, 47.87 GOPS","19226 OP, 7.99 GOPS","17050 OP, 7.08 GOPS",,"98176 OP, 40.79 GOPS","19226 OP, 7.99 GOPS",True,False,True
481d287,b0af048,2019-10-07 22:10:42,PartialMemReduce2D,test,Tst,1000000000.0,../gen/Tst_test/PartialMemReduce2D/log/runproute.log,../gen/Tst_test/PartialMemReduce2D/log/runproute.sh,../gen/Tst_test/PartialMemReduce2D/plastisim/summary.csv,../gen/Tst_test/PartialMemReduce2D/pir/AccelMain.scala,../gen/Tst_test/PartialMemReduce2D/log/,../gen/Tst_test/PartialMemReduce2D/log/gentst.log,../gen/Tst_test/PartialMemReduce2D/pir/out/resource.csv,../gen/Tst_test/PartialMemReduce2D/log/maketst.log,../gen/Tst_test/PartialMemReduce2D/log/runp2p.log,../gen/Tst_test/PartialMemReduce2D/log/runhybrid.log,../gen/Tst_test/PartialMemReduce2D/log/p2pstat.log,True,,,30.861640485,,20,20,4,22,9,0,40,40,200,200,,,,,,,,,,,,,,,,,,,,,,,0:59.29,39453,"Assertion fail:
",,False,False,,7.47502,0.129775,0:04.58,,,,False,False,,,,,,,,,,,False,False,False
481d287,b0af048,2019-10-07 22:10:42,PartialTileLoadStore,test,Tst,1000000000.0,../gen/Tst_test/PartialTileLoadStore/log/runproute.log,../gen/Tst_test/PartialTileLoadStore/log/runproute.sh,../gen/Tst_test/PartialTileLoadStore/plastisim/summary.csv,../gen/Tst_test/PartialTileLoadStore/pir/AccelMain.scala,../gen/Tst_test/PartialTileLoadStore/log/,../gen/Tst_test/PartialTileLoadStore/log/gentst.log,../gen/Tst_test/PartialTileLoadStore/pir/out/resource.csv,../gen/Tst_test/PartialTileLoadStore/log/maketst.log,../gen/Tst_test/PartialTileLoadStore/log/runp2p.log,../gen/Tst_test/PartialTileLoadStore/log/runhybrid.log,../gen/Tst_test/PartialTileLoadStore/log/p2pstat.log,True,,,14.89417755,,20,20,2,6,2,1,40,40,200,200,,,,,,,,,,,,,,,,,,,,,,,0:37.22,655,,True,False,True,,1.56336,1.56336,0:00.50,,,,False,False,,,,,"8032 OP, 12.26 GOPS","2656 OP, 4.05 GOPS","4704 OP, 7.18 GOPS",,"3328 OP, 5.08 GOPS","2656 OP, 4.05 GOPS",True,False,True
481d287,b0af048,2019-10-07 22:10:42,PartialXBar,test,Tst,1000000000.0,../gen/Tst_test/PartialXBar/log/runproute.log,../gen/Tst_test/PartialXBar/log/runproute.sh,../gen/Tst_test/PartialXBar/plastisim/summary.csv,../gen/Tst_test/PartialXBar/pir/AccelMain.scala,../gen/Tst_test/PartialXBar/log/,../gen/Tst_test/PartialXBar/log/gentst.log,../gen/Tst_test/PartialXBar/pir/out/resource.csv,../gen/Tst_test/PartialXBar/log/maketst.log,../gen/Tst_test/PartialXBar/log/runp2p.log,../gen/Tst_test/PartialXBar/log/runhybrid.log,../gen/Tst_test/PartialXBar/log/p2pstat.log,True,,,7.548708886,,20,20,0,0,1,1,40,40,200,200,,,,,,,,,,,,,,,,,,,,,,,0:31.07,36,,,False,True,,0.0,0.0,0:00.50,,,,False,False,,,,,"256 OP, 7.11 GOPS","128 OP, 3.56 GOPS","160 OP, 4.44 GOPS",,"96 OP, 2.67 GOPS","128 OP, 3.56 GOPS",True,False,True
481d287,b0af048,2019-10-07 22:10:42,Perfection,test,Tst,1000000000.0,../gen/Tst_test/Perfection/log/runproute.log,../gen/Tst_test/Perfection/log/runproute.sh,../gen/Tst_test/Perfection/plastisim/summary.csv,../gen/Tst_test/Perfection/pir/AccelMain.scala,../gen/Tst_test/Perfection/log/,../gen/Tst_test/Perfection/log/gentst.log,../gen/Tst_test/Perfection/pir/out/resource.csv,../gen/Tst_test/Perfection/log/maketst.log,../gen/Tst_test/Perfection/log/runp2p.log,../gen/Tst_test/Perfection/log/runhybrid.log,../gen/Tst_test/Perfection/log/p2pstat.log,True,,,9.164865683,,20,20,1,6,1,0,40,40,200,200,,,,,,,,,,,,,,,,,,,,,,,0:30.85,213,,,False,True,,0.0,0.300469,0:00.59,,,,False,False,,,,,"320 OP, 1.50 GOPS","16 OP, 0.08 GOPS","16 OP, 0.08 GOPS",,"304 OP, 1.43 GOPS","16 OP, 0.08 GOPS",True,False,True
481d287,b0af048,2019-10-07 22:10:42,PipeMergerTest,test,Tst,1000000000.0,../gen/Tst_test/PipeMergerTest/log/runproute.log,../gen/Tst_test/PipeMergerTest/log/runproute.sh,../gen/Tst_test/PipeMergerTest/plastisim/summary.csv,../gen/Tst_test/PipeMergerTest/pir/AccelMain.scala,../gen/Tst_test/PipeMergerTest/log/,../gen/Tst_test/PipeMergerTest/log/gentst.log,../gen/Tst_test/PipeMergerTest/pir/out/resource.csv,../gen/Tst_test/PipeMergerTest/log/maketst.log,../gen/Tst_test/PipeMergerTest/log/runp2p.log,../gen/Tst_test/PipeMergerTest/log/runhybrid.log,../gen/Tst_test/PipeMergerTest/log/p2pstat.log,True,,,45.075193548,,20,20,1,40,6,35,40,40,200,200,,,,,,,,,,,,,,,,,,,,,,,2:44.36,453,,,False,True,,2.26049,0.0,0:00.71,,,,False,False,,,,,"62344 OP, 137.62 GOPS","3630 OP, 8.01 GOPS","7518 OP, 16.60 GOPS",,"54826 OP, 121.03 GOPS","3630 OP, 8.01 GOPS",True,False,True
481d287,b0af048,2019-10-07 22:10:42,PropUses,test,Tst,1000000000.0,../gen/Tst_test/PropUses/log/runproute.log,../gen/Tst_test/PropUses/log/runproute.sh,../gen/Tst_test/PropUses/plastisim/summary.csv,../gen/Tst_test/PropUses/pir/AccelMain.scala,../gen/Tst_test/PropUses/log/,../gen/Tst_test/PropUses/log/gentst.log,../gen/Tst_test/PropUses/pir/out/resource.csv,../gen/Tst_test/PropUses/log/maketst.log,../gen/Tst_test/PropUses/log/runp2p.log,../gen/Tst_test/PropUses/log/runhybrid.log,../gen/Tst_test/PropUses/log/p2pstat.log,True,,"[0m[[0m[31merror[0m] [0m[0m/home/yaqiz/pldi20/spatial/gen/Tst_test/PropUses/pir/AccelMain.scala:62:51: not found: value x164_x[0m
",,,,,,,,,,,,,,,,,,,,,,,,,,,,,,,,,,,,,,,False,False,,,,,,,,False,False,,,,,,,,,,,False,False,False
481d287,b0af048,2019-10-07 22:10:42,RandomInPlaceUpdate,test,Tst,1000000000.0,../gen/Tst_test/RandomInPlaceUpdate/log/runproute.log,../gen/Tst_test/RandomInPlaceUpdate/log/runproute.sh,../gen/Tst_test/RandomInPlaceUpdate/plastisim/summary.csv,../gen/Tst_test/RandomInPlaceUpdate/pir/AccelMain.scala,../gen/Tst_test/RandomInPlaceUpdate/log/,../gen/Tst_test/RandomInPlaceUpdate/log/gentst.log,../gen/Tst_test/RandomInPlaceUpdate/pir/out/resource.csv,../gen/Tst_test/RandomInPlaceUpdate/log/maketst.log,../gen/Tst_test/RandomInPlaceUpdate/log/runp2p.log,../gen/Tst_test/RandomInPlaceUpdate/log/runhybrid.log,../gen/Tst_test/RandomInPlaceUpdate/log/p2pstat.log,True,,,17.428415974,,20,20,3,5,3,1,40,40,200,200,,,,,,,,,,,,,,,,,,,,,,,0:39.11,158,"Assertion fail:
",,False,False,,1.62025,0.810127,0:00.64,,,,False,False,,,,,,,,,,,False,False,False
481d287,b0af048,2019-10-07 22:10:42,RandomInPlaceUpdate2,test,Tst,1000000000.0,../gen/Tst_test/RandomInPlaceUpdate2/log/runproute.log,../gen/Tst_test/RandomInPlaceUpdate2/log/runproute.sh,../gen/Tst_test/RandomInPlaceUpdate2/plastisim/summary.csv,../gen/Tst_test/RandomInPlaceUpdate2/pir/AccelMain.scala,../gen/Tst_test/RandomInPlaceUpdate2/log/,../gen/Tst_test/RandomInPlaceUpdate2/log/gentst.log,../gen/Tst_test/RandomInPlaceUpdate2/pir/out/resource.csv,../gen/Tst_test/RandomInPlaceUpdate2/log/maketst.log,../gen/Tst_test/RandomInPlaceUpdate2/log/runp2p.log,../gen/Tst_test/RandomInPlaceUpdate2/log/runhybrid.log,../gen/Tst_test/RandomInPlaceUpdate2/log/p2pstat.log,True,,"[[31merror[0m] Constrain failed on MemoryContainer275
",8.937160522,,20,20,,,,,,,,,,,,,,,,,,,,,,,,,,,,,,,,,,,False,False,,,,,,,,False,False,,,,,,,,,,,False,False,False
481d287,b0af048,2019-10-07 22:10:42,ReadBroadcast,test,Tst,1000000000.0,../gen/Tst_test/ReadBroadcast/log/runproute.log,../gen/Tst_test/ReadBroadcast/log/runproute.sh,../gen/Tst_test/ReadBroadcast/plastisim/summary.csv,../gen/Tst_test/ReadBroadcast/pir/AccelMain.scala,../gen/Tst_test/ReadBroadcast/log/,../gen/Tst_test/ReadBroadcast/log/gentst.log,../gen/Tst_test/ReadBroadcast/pir/out/resource.csv,../gen/Tst_test/ReadBroadcast/log/maketst.log,../gen/Tst_test/ReadBroadcast/log/runp2p.log,../gen/Tst_test/ReadBroadcast/log/runhybrid.log,../gen/Tst_test/ReadBroadcast/log/p2pstat.log,True,,,,,,,,,,,,,,,,,,,,,,,,,,,,,,,,,,,,,,,,,False,False,,,,,,,,False,False,,,,,,,,,,,False,False,False
481d287,b0af048,2019-10-07 22:10:42,ReadCSV1D,test,Tst,1000000000.0,../gen/Tst_test/ReadCSV1D/log/runproute.log,../gen/Tst_test/ReadCSV1D/log/runproute.sh,../gen/Tst_test/ReadCSV1D/plastisim/summary.csv,../gen/Tst_test/ReadCSV1D/pir/AccelMain.scala,../gen/Tst_test/ReadCSV1D/log/,../gen/Tst_test/ReadCSV1D/log/gentst.log,../gen/Tst_test/ReadCSV1D/pir/out/resource.csv,../gen/Tst_test/ReadCSV1D/log/maketst.log,../gen/Tst_test/ReadCSV1D/log/runp2p.log,../gen/Tst_test/ReadCSV1D/log/runhybrid.log,../gen/Tst_test/ReadCSV1D/log/p2pstat.log,True,,,11.570092517,,20,20,1,4,1,0,40,40,200,200,,,,,,,,,,,,,,,,,,,,,,,0:30.70,140,,,False,True,,1.82857,0.0,0:00.41,,,,False,False,,,,,"216 OP, 1.54 GOPS","24 OP, 0.17 GOPS","84 OP, 0.60 GOPS",,"132 OP, 0.94 GOPS","24 OP, 0.17 GOPS",True,False,True
481d287,b0af048,2019-10-07 22:10:42,ReadCSV2D,test,Tst,1000000000.0,../gen/Tst_test/ReadCSV2D/log/runproute.log,../gen/Tst_test/ReadCSV2D/log/runproute.sh,../gen/Tst_test/ReadCSV2D/plastisim/summary.csv,../gen/Tst_test/ReadCSV2D/pir/AccelMain.scala,../gen/Tst_test/ReadCSV2D/log/,../gen/Tst_test/ReadCSV2D/log/gentst.log,../gen/Tst_test/ReadCSV2D/pir/out/resource.csv,../gen/Tst_test/ReadCSV2D/log/maketst.log,../gen/Tst_test/ReadCSV2D/log/runp2p.log,../gen/Tst_test/ReadCSV2D/log/runhybrid.log,../gen/Tst_test/ReadCSV2D/log/p2pstat.log,True,,,14.888699897,,20,20,1,5,1,0,40,40,200,200,,,,,,,,,,,,,,,,,,,,,,,0:34.74,220,,True,False,True,,2.32727,0.0,0:00.50,,,,False,False,,,,,"1220 OP, 5.55 GOPS","60 OP, 0.27 GOPS","700 OP, 3.18 GOPS",,"520 OP, 2.36 GOPS","60 OP, 0.27 GOPS",True,False,True
481d287,b0af048,2019-10-07 22:10:42,ReadSSV1D,test,Tst,1000000000.0,../gen/Tst_test/ReadSSV1D/log/runproute.log,../gen/Tst_test/ReadSSV1D/log/runproute.sh,../gen/Tst_test/ReadSSV1D/plastisim/summary.csv,../gen/Tst_test/ReadSSV1D/pir/AccelMain.scala,../gen/Tst_test/ReadSSV1D/log/,../gen/Tst_test/ReadSSV1D/log/gentst.log,../gen/Tst_test/ReadSSV1D/pir/out/resource.csv,../gen/Tst_test/ReadSSV1D/log/maketst.log,../gen/Tst_test/ReadSSV1D/log/runp2p.log,../gen/Tst_test/ReadSSV1D/log/runhybrid.log,../gen/Tst_test/ReadSSV1D/log/p2pstat.log,True,,,9.012238149,,20,20,1,4,1,0,40,40,200,200,,,,,,,,,,,,,,,,,,,,,,,0:35.12,140,,True,False,True,,1.82857,0.0,0:00.52,,,,False,False,,,,,"280 OP, 2.00 GOPS","88 OP, 0.63 GOPS","148 OP, 1.06 GOPS",,"132 OP, 0.94 GOPS","88 OP, 0.63 GOPS",True,False,True
481d287,b0af048,2019-10-07 22:10:42,ReadSSV2D,test,Tst,1000000000.0,../gen/Tst_test/ReadSSV2D/log/runproute.log,../gen/Tst_test/ReadSSV2D/log/runproute.sh,../gen/Tst_test/ReadSSV2D/plastisim/summary.csv,../gen/Tst_test/ReadSSV2D/pir/AccelMain.scala,../gen/Tst_test/ReadSSV2D/log/,../gen/Tst_test/ReadSSV2D/log/gentst.log,../gen/Tst_test/ReadSSV2D/pir/out/resource.csv,../gen/Tst_test/ReadSSV2D/log/maketst.log,../gen/Tst_test/ReadSSV2D/log/runp2p.log,../gen/Tst_test/ReadSSV2D/log/runhybrid.log,../gen/Tst_test/ReadSSV2D/log/p2pstat.log,True,,,15.210524337,,20,20,1,5,1,0,40,40,200,200,,,,,,,,,,,,,,,,,,,,,,,0:33.73,220,,True,False,True,,2.32727,0.0,0:00.64,,,,False,False,,,,,"1220 OP, 5.55 GOPS","60 OP, 0.27 GOPS","700 OP, 3.18 GOPS",,"520 OP, 2.36 GOPS","60 OP, 0.27 GOPS",True,False,True
481d287,b0af048,2019-10-07 22:10:42,ReduceAccumTiny,test,Tst,1000000000.0,../gen/Tst_test/ReduceAccumTiny/log/runproute.log,../gen/Tst_test/ReduceAccumTiny/log/runproute.sh,../gen/Tst_test/ReduceAccumTiny/plastisim/summary.csv,../gen/Tst_test/ReduceAccumTiny/pir/AccelMain.scala,../gen/Tst_test/ReduceAccumTiny/log/,../gen/Tst_test/ReduceAccumTiny/log/gentst.log,../gen/Tst_test/ReduceAccumTiny/pir/out/resource.csv,../gen/Tst_test/ReduceAccumTiny/log/maketst.log,../gen/Tst_test/ReduceAccumTiny/log/runp2p.log,../gen/Tst_test/ReduceAccumTiny/log/runhybrid.log,../gen/Tst_test/ReduceAccumTiny/log/p2pstat.log,True,,,9.296623791,,20,20,0,1,0,1,40,40,200,200,,,,,,,,,,,,,,,,,,,,,,,0:29.16,25,,,False,True,,0.0,0.0,0:00.46,,,,False,False,,,,,"32 OP, 1.28 GOPS","32 OP, 1.28 GOPS","32 OP, 1.28 GOPS",,,,True,False,True
481d287,b0af048,2019-10-07 22:10:42,ReduceArbitraryLambda,test,Tst,1000000000.0,../gen/Tst_test/ReduceArbitraryLambda/log/runproute.log,../gen/Tst_test/ReduceArbitraryLambda/log/runproute.sh,../gen/Tst_test/ReduceArbitraryLambda/plastisim/summary.csv,../gen/Tst_test/ReduceArbitraryLambda/pir/AccelMain.scala,../gen/Tst_test/ReduceArbitraryLambda/log/,../gen/Tst_test/ReduceArbitraryLambda/log/gentst.log,../gen/Tst_test/ReduceArbitraryLambda/pir/out/resource.csv,../gen/Tst_test/ReduceArbitraryLambda/log/maketst.log,../gen/Tst_test/ReduceArbitraryLambda/log/runp2p.log,../gen/Tst_test/ReduceArbitraryLambda/log/runhybrid.log,../gen/Tst_test/ReduceArbitraryLambda/log/p2pstat.log,True,,,9.448085911,,20,20,0,3,0,0,40,40,200,200,,,,,,,,,,,,,,,,,,,,,,,0:20.41,71,,,False,True,,0.0,0.0,0:00.32,,,,False,False,,,,,"80 OP, 1.13 GOPS","72 OP, 1.01 GOPS","64 OP, 0.90 GOPS",,"16 OP, 0.23 GOPS","72 OP, 1.01 GOPS",True,False,True
481d287,b0af048,2019-10-07 22:10:42,ReduceOptimized,test,Tst,1000000000.0,../gen/Tst_test/ReduceOptimized/log/runproute.log,../gen/Tst_test/ReduceOptimized/log/runproute.sh,../gen/Tst_test/ReduceOptimized/plastisim/summary.csv,../gen/Tst_test/ReduceOptimized/pir/AccelMain.scala,../gen/Tst_test/ReduceOptimized/log/,../gen/Tst_test/ReduceOptimized/log/gentst.log,../gen/Tst_test/ReduceOptimized/pir/out/resource.csv,../gen/Tst_test/ReduceOptimized/log/maketst.log,../gen/Tst_test/ReduceOptimized/log/runp2p.log,../gen/Tst_test/ReduceOptimized/log/runhybrid.log,../gen/Tst_test/ReduceOptimized/log/p2pstat.log,True,,,9.564706501,,20,20,0,3,0,1,40,40,200,200,,,,,,,,,,,,,,,,,,,,,,,0:31.89,5072,,True,False,True,,0.0,0.0,0:00.52,,,,False,False,,,,,"30617 OP, 6.04 GOPS","10207 OP, 2.01 GOPS","10207 OP, 2.01 GOPS",,"20410 OP, 4.02 GOPS","10207 OP, 2.01 GOPS",True,False,True
481d287,b0af048,2019-10-07 22:10:42,ReduceReverse,test,Tst,1000000000.0,../gen/Tst_test/ReduceReverse/log/runproute.log,../gen/Tst_test/ReduceReverse/log/runproute.sh,../gen/Tst_test/ReduceReverse/plastisim/summary.csv,../gen/Tst_test/ReduceReverse/pir/AccelMain.scala,../gen/Tst_test/ReduceReverse/log/,../gen/Tst_test/ReduceReverse/log/gentst.log,../gen/Tst_test/ReduceReverse/pir/out/resource.csv,../gen/Tst_test/ReduceReverse/log/maketst.log,../gen/Tst_test/ReduceReverse/log/runp2p.log,../gen/Tst_test/ReduceReverse/log/runhybrid.log,../gen/Tst_test/ReduceReverse/log/p2pstat.log,True,,,6.901206536,,20,20,0,1,0,0,40,40,200,200,,,,,,,,,,,,,,,,,,,,,,,0:25.11,28,,,False,True,,0.0,0.0,0:00.52,,,,False,False,,,,,"32 OP, 1.14 GOPS","16 OP, 0.57 GOPS",,,"32 OP, 1.14 GOPS",,True,False,True
481d287,b0af048,2019-10-07 22:10:42,ReduceSimple,test,Tst,1000000000.0,../gen/Tst_test/ReduceSimple/log/runproute.log,../gen/Tst_test/ReduceSimple/log/runproute.sh,../gen/Tst_test/ReduceSimple/plastisim/summary.csv,../gen/Tst_test/ReduceSimple/pir/AccelMain.scala,../gen/Tst_test/ReduceSimple/log/,../gen/Tst_test/ReduceSimple/log/gentst.log,../gen/Tst_test/ReduceSimple/pir/out/resource.csv,../gen/Tst_test/ReduceSimple/log/maketst.log,../gen/Tst_test/ReduceSimple/log/runp2p.log,../gen/Tst_test/ReduceSimple/log/runhybrid.log,../gen/Tst_test/ReduceSimple/log/p2pstat.log,True,,,6.840599827,,20,20,0,1,0,0,40,40,200,200,,,,,,,,,,,,,,,,,,,,,,,0:27.22,108,,True,False,True,,0.0,0.0,0:00.43,,,,False,False,,,,,"192 OP, 1.78 GOPS","96 OP, 0.89 GOPS",,,"192 OP, 1.78 GOPS",,True,False,True
481d287,b0af048,2019-10-07 22:10:42,ReduceSpecialization,test,Tst,1000000000.0,../gen/Tst_test/ReduceSpecialization/log/runproute.log,../gen/Tst_test/ReduceSpecialization/log/runproute.sh,../gen/Tst_test/ReduceSpecialization/plastisim/summary.csv,../gen/Tst_test/ReduceSpecialization/pir/AccelMain.scala,../gen/Tst_test/ReduceSpecialization/log/,../gen/Tst_test/ReduceSpecialization/log/gentst.log,../gen/Tst_test/ReduceSpecialization/pir/out/resource.csv,../gen/Tst_test/ReduceSpecialization/log/maketst.log,../gen/Tst_test/ReduceSpecialization/log/runp2p.log,../gen/Tst_test/ReduceSpecialization/log/runhybrid.log,../gen/Tst_test/ReduceSpecialization/log/p2pstat.log,True,,,,,,,,,,,,,,,,,,,,,,,,,,,,,,,,,,,,,,,,,False,False,,,,,,,,False,False,,,,,,,,,,,False,False,False
481d287,b0af048,2019-10-07 22:10:42,ReduceStruct,test,Tst,1000000000.0,../gen/Tst_test/ReduceStruct/log/runproute.log,../gen/Tst_test/ReduceStruct/log/runproute.sh,../gen/Tst_test/ReduceStruct/plastisim/summary.csv,../gen/Tst_test/ReduceStruct/pir/AccelMain.scala,../gen/Tst_test/ReduceStruct/log/,../gen/Tst_test/ReduceStruct/log/gentst.log,../gen/Tst_test/ReduceStruct/pir/out/resource.csv,../gen/Tst_test/ReduceStruct/log/maketst.log,../gen/Tst_test/ReduceStruct/log/runp2p.log,../gen/Tst_test/ReduceStruct/log/runhybrid.log,../gen/Tst_test/ReduceStruct/log/p2pstat.log,True,,"[0m[[0m[31merror[0m] [0m[0m/home/yaqiz/pldi20/spatial/gen/Tst_test/ReduceStruct/pir/AccelMain.scala:120:54: not found: value x216_min[0m
",,,,,,,,,,,,,,,,,,,,,,,,,,,,,,,,,,,,,,,False,False,,,,,,,,False,False,,,,,,,,,,,False,False,False
481d287,b0af048,2019-10-07 22:10:42,ReduceTiny,test,Tst,1000000000.0,../gen/Tst_test/ReduceTiny/log/runproute.log,../gen/Tst_test/ReduceTiny/log/runproute.sh,../gen/Tst_test/ReduceTiny/plastisim/summary.csv,../gen/Tst_test/ReduceTiny/pir/AccelMain.scala,../gen/Tst_test/ReduceTiny/log/,../gen/Tst_test/ReduceTiny/log/gentst.log,../gen/Tst_test/ReduceTiny/pir/out/resource.csv,../gen/Tst_test/ReduceTiny/log/maketst.log,../gen/Tst_test/ReduceTiny/log/runp2p.log,../gen/Tst_test/ReduceTiny/log/runhybrid.log,../gen/Tst_test/ReduceTiny/log/p2pstat.log,True,,,8.126291187,,20,20,0,1,1,0,40,40,200,200,,,,,,,,,,,,,,,,,,,,,,,0:30.81,47,,,False,True,,0.0,0.0,0:00.45,,,,False,False,,,,,"16 OP, 0.34 GOPS","16 OP, 0.34 GOPS","16 OP, 0.34 GOPS",,,,True,False,True
481d287,b0af048,2019-10-07 22:10:42,ReduceTreeUnrolling,test,Tst,1000000000.0,../gen/Tst_test/ReduceTreeUnrolling/log/runproute.log,../gen/Tst_test/ReduceTreeUnrolling/log/runproute.sh,../gen/Tst_test/ReduceTreeUnrolling/plastisim/summary.csv,../gen/Tst_test/ReduceTreeUnrolling/pir/AccelMain.scala,../gen/Tst_test/ReduceTreeUnrolling/log/,../gen/Tst_test/ReduceTreeUnrolling/log/gentst.log,../gen/Tst_test/ReduceTreeUnrolling/pir/out/resource.csv,../gen/Tst_test/ReduceTreeUnrolling/log/maketst.log,../gen/Tst_test/ReduceTreeUnrolling/log/runp2p.log,../gen/Tst_test/ReduceTreeUnrolling/log/runhybrid.log,../gen/Tst_test/ReduceTreeUnrolling/log/p2pstat.log,True,,,11.098772413,,20,20,1,1,1,1,40,40,200,200,,,,,,,,,,,,,,,,,,,,,,,0:31.14,69,,,False,True,,0.927536,0.0,0:00.34,,,,False,False,,,,,"192 OP, 2.78 GOPS","48 OP, 0.70 GOPS","64 OP, 0.93 GOPS",,"128 OP, 1.86 GOPS","48 OP, 0.70 GOPS",True,False,True
481d287,b0af048,2019-10-07 22:10:42,RegCoalescing,test,Tst,1000000000.0,../gen/Tst_test/RegCoalescing/log/runproute.log,../gen/Tst_test/RegCoalescing/log/runproute.sh,../gen/Tst_test/RegCoalescing/plastisim/summary.csv,../gen/Tst_test/RegCoalescing/pir/AccelMain.scala,../gen/Tst_test/RegCoalescing/log/,../gen/Tst_test/RegCoalescing/log/gentst.log,../gen/Tst_test/RegCoalescing/pir/out/resource.csv,../gen/Tst_test/RegCoalescing/log/maketst.log,../gen/Tst_test/RegCoalescing/log/runp2p.log,../gen/Tst_test/RegCoalescing/log/runhybrid.log,../gen/Tst_test/RegCoalescing/log/p2pstat.log,True,,,,,,,,,,,,,,,,,,,,,,,,,,,,,,,,,,,,,,,,,False,False,,,,,,,,False,False,,,,,,,,,,,False,False,False
481d287,b0af048,2019-10-07 22:10:42,RegTiny,test,Tst,1000000000.0,../gen/Tst_test/RegTiny/log/runproute.log,../gen/Tst_test/RegTiny/log/runproute.sh,../gen/Tst_test/RegTiny/plastisim/summary.csv,../gen/Tst_test/RegTiny/pir/AccelMain.scala,../gen/Tst_test/RegTiny/log/,../gen/Tst_test/RegTiny/log/gentst.log,../gen/Tst_test/RegTiny/pir/out/resource.csv,../gen/Tst_test/RegTiny/log/maketst.log,../gen/Tst_test/RegTiny/log/runp2p.log,../gen/Tst_test/RegTiny/log/runhybrid.log,../gen/Tst_test/RegTiny/log/p2pstat.log,True,,,7.129792369,,20,20,0,1,0,0,40,40,200,200,,,,,,,,,,,,,,,,,,,,,,,0:26.28,13,,,False,True,,0.0,0.0,0:00.55,,,,False,False,,,,,"5 OP, 0.38 GOPS","5 OP, 0.38 GOPS","3 OP, 0.23 GOPS",,"2 OP, 0.15 GOPS","5 OP, 0.38 GOPS",True,False,True
481d287,b0af048,2019-10-07 22:10:42,RegTinyReadWrite,test,Tst,1000000000.0,../gen/Tst_test/RegTinyReadWrite/log/runproute.log,../gen/Tst_test/RegTinyReadWrite/log/runproute.sh,../gen/Tst_test/RegTinyReadWrite/plastisim/summary.csv,../gen/Tst_test/RegTinyReadWrite/pir/AccelMain.scala,../gen/Tst_test/RegTinyReadWrite/log/,../gen/Tst_test/RegTinyReadWrite/log/gentst.log,../gen/Tst_test/RegTinyReadWrite/pir/out/resource.csv,../gen/Tst_test/RegTinyReadWrite/log/maketst.log,../gen/Tst_test/RegTinyReadWrite/log/runp2p.log,../gen/Tst_test/RegTinyReadWrite/log/runhybrid.log,../gen/Tst_test/RegTinyReadWrite/log/p2pstat.log,True,,,7.102483062,,20,20,0,0,0,0,40,40,200,200,,,,,,,,,,,,,,,,,,,,,,,0:24.97,1,,,False,True,,0.0,0.0,0:00.45,,,,False,False,,,,,,,,,,,True,False,True
481d287,b0af048,2019-10-07 22:10:42,Rendering3D,test,Tst,1000000000.0,../gen/Tst_test/Rendering3D/log/runproute.log,../gen/Tst_test/Rendering3D/log/runproute.sh,../gen/Tst_test/Rendering3D/plastisim/summary.csv,../gen/Tst_test/Rendering3D/pir/AccelMain.scala,../gen/Tst_test/Rendering3D/log/,../gen/Tst_test/Rendering3D/log/gentst.log,../gen/Tst_test/Rendering3D/pir/out/resource.csv,../gen/Tst_test/Rendering3D/log/maketst.log,../gen/Tst_test/Rendering3D/log/runp2p.log,../gen/Tst_test/Rendering3D/log/runhybrid.log,../gen/Tst_test/Rendering3D/log/p2pstat.log,True,,,,,,,,,,,,,,,,,,,,,,,,,,,,,,,,,,,,,,,,,False,False,,,,,,,,False,False,,,,,,,,,,,False,False,False
481d287,b0af048,2019-10-07 22:10:42,Rendering3DTmp2,test,Tst,1000000000.0,../gen/Tst_test/Rendering3DTmp2/log/runproute.log,../gen/Tst_test/Rendering3DTmp2/log/runproute.sh,../gen/Tst_test/Rendering3DTmp2/plastisim/summary.csv,../gen/Tst_test/Rendering3DTmp2/pir/AccelMain.scala,../gen/Tst_test/Rendering3DTmp2/log/,../gen/Tst_test/Rendering3DTmp2/log/gentst.log,../gen/Tst_test/Rendering3DTmp2/pir/out/resource.csv,../gen/Tst_test/Rendering3DTmp2/log/maketst.log,../gen/Tst_test/Rendering3DTmp2/log/runp2p.log,../gen/Tst_test/Rendering3DTmp2/log/runhybrid.log,../gen/Tst_test/Rendering3DTmp2/log/p2pstat.log,False,[bug] Encountered exception while updating node,,,,,,,,,,,,,,,,,,,,,,,,,,,,,,,,,,,,,,,,False,False,,,,,,,,False,False,,,,,,,,,,,False,False,False
481d287,b0af048,2019-10-07 22:10:42,Rendering3D_Stream,test,Tst,1000000000.0,../gen/Tst_test/Rendering3D_Stream/log/runproute.log,../gen/Tst_test/Rendering3D_Stream/log/runproute.sh,../gen/Tst_test/Rendering3D_Stream/plastisim/summary.csv,../gen/Tst_test/Rendering3D_Stream/pir/AccelMain.scala,../gen/Tst_test/Rendering3D_Stream/log/,../gen/Tst_test/Rendering3D_Stream/log/gentst.log,../gen/Tst_test/Rendering3D_Stream/pir/out/resource.csv,../gen/Tst_test/Rendering3D_Stream/log/maketst.log,../gen/Tst_test/Rendering3D_Stream/log/runp2p.log,../gen/Tst_test/Rendering3D_Stream/log/runhybrid.log,../gen/Tst_test/Rendering3D_Stream/log/p2pstat.log,True,,"[0m[[0m[31merror[0m] [0m[0m/home/yaqiz/pldi20/spatial/gen/Tst_test/Rendering3D_Stream/pir/AccelMain.scala:13:80: not found: value triangle3D[0m
",,,,,,,,,,,,,,,,,,,,,,,,,,,,,,,,,,,,,,,False,False,,,,,,,,False,False,,,,,,,,,,,False,False,False
481d287,b0af048,2019-10-07 22:10:42,RetimeLoop,test,Tst,1000000000.0,../gen/Tst_test/RetimeLoop/log/runproute.log,../gen/Tst_test/RetimeLoop/log/runproute.sh,../gen/Tst_test/RetimeLoop/plastisim/summary.csv,../gen/Tst_test/RetimeLoop/pir/AccelMain.scala,../gen/Tst_test/RetimeLoop/log/,../gen/Tst_test/RetimeLoop/log/gentst.log,../gen/Tst_test/RetimeLoop/pir/out/resource.csv,../gen/Tst_test/RetimeLoop/log/maketst.log,../gen/Tst_test/RetimeLoop/log/runp2p.log,../gen/Tst_test/RetimeLoop/log/runhybrid.log,../gen/Tst_test/RetimeLoop/log/p2pstat.log,True,,,12.205610791,,20,20,1,5,1,0,40,40,200,200,,,,,,,,,,,,,,,,,,,,,,,0:32.36,560,,,False,True,,0.0,1.82857,0:00.53,,,,False,False,,,,,"2368 OP, 4.23 GOPS","1072 OP, 1.91 GOPS","2368 OP, 4.23 GOPS",,,"1072 OP, 1.91 GOPS",True,False,True
481d287,b0af048,2019-10-07 22:10:42,RetimeNestedPipe,test,Tst,1000000000.0,../gen/Tst_test/RetimeNestedPipe/log/runproute.log,../gen/Tst_test/RetimeNestedPipe/log/runproute.sh,../gen/Tst_test/RetimeNestedPipe/plastisim/summary.csv,../gen/Tst_test/RetimeNestedPipe/pir/AccelMain.scala,../gen/Tst_test/RetimeNestedPipe/log/,../gen/Tst_test/RetimeNestedPipe/log/gentst.log,../gen/Tst_test/RetimeNestedPipe/pir/out/resource.csv,../gen/Tst_test/RetimeNestedPipe/log/maketst.log,../gen/Tst_test/RetimeNestedPipe/log/runp2p.log,../gen/Tst_test/RetimeNestedPipe/log/runhybrid.log,../gen/Tst_test/RetimeNestedPipe/log/p2pstat.log,True,,,7.181305792,,20,20,0,1,0,0,40,40,200,200,,,,,,,,,,,,,,,,,,,,,,,0:29.59,62,,,False,True,,0.0,0.0,0:00.58,,,,False,False,,,,,"300 OP, 4.84 GOPS","250 OP, 4.03 GOPS","300 OP, 4.84 GOPS",,,"250 OP, 4.03 GOPS",True,False,True
481d287,b0af048,2019-10-07 22:10:42,RetimeRandomTest,test,Tst,1000000000.0,../gen/Tst_test/RetimeRandomTest/log/runproute.log,../gen/Tst_test/RetimeRandomTest/log/runproute.sh,../gen/Tst_test/RetimeRandomTest/plastisim/summary.csv,../gen/Tst_test/RetimeRandomTest/pir/AccelMain.scala,../gen/Tst_test/RetimeRandomTest/log/,../gen/Tst_test/RetimeRandomTest/log/gentst.log,../gen/Tst_test/RetimeRandomTest/pir/out/resource.csv,../gen/Tst_test/RetimeRandomTest/log/maketst.log,../gen/Tst_test/RetimeRandomTest/log/runp2p.log,../gen/Tst_test/RetimeRandomTest/log/runhybrid.log,../gen/Tst_test/RetimeRandomTest/log/p2pstat.log,True,,"[[31merror[0m] Failed passes: 04-GraphInitialization
",1.890210559,,20,20,,,,,,,,,,,,,,,,,,,,,,,,,,,,,,,,,,,False,False,,,,,,,,False,False,,,,,,,,,,,False,False,False
481d287,b0af048,2019-10-07 22:10:42,SGD,test,Tst,1000000000.0,../gen/Tst_test/SGD/log/runproute.log,../gen/Tst_test/SGD/log/runproute.sh,../gen/Tst_test/SGD/plastisim/summary.csv,../gen/Tst_test/SGD/pir/AccelMain.scala,../gen/Tst_test/SGD/log/,../gen/Tst_test/SGD/log/gentst.log,../gen/Tst_test/SGD/pir/out/resource.csv,../gen/Tst_test/SGD/log/maketst.log,../gen/Tst_test/SGD/log/runp2p.log,../gen/Tst_test/SGD/log/runhybrid.log,../gen/Tst_test/SGD/log/p2pstat.log,True,,"[[31merror[0m] Plasticine doesn't support HostIO
",1.823598097,,20,20,,,,,,,,,,,,,,,,,,,,,,,,,,,,,,,,,,,False,False,,,,,,,,False,False,,,,,,,,,,,False,False,False
481d287,b0af048,2019-10-07 22:10:42,SGD_minibatch,test,Tst,1000000000.0,../gen/Tst_test/SGD_minibatch/log/runproute.log,../gen/Tst_test/SGD_minibatch/log/runproute.sh,../gen/Tst_test/SGD_minibatch/plastisim/summary.csv,../gen/Tst_test/SGD_minibatch/pir/AccelMain.scala,../gen/Tst_test/SGD_minibatch/log/,../gen/Tst_test/SGD_minibatch/log/gentst.log,../gen/Tst_test/SGD_minibatch/pir/out/resource.csv,../gen/Tst_test/SGD_minibatch/log/maketst.log,../gen/Tst_test/SGD_minibatch/log/runp2p.log,../gen/Tst_test/SGD_minibatch/log/runhybrid.log,../gen/Tst_test/SGD_minibatch/log/p2pstat.log,True,,,30.611759518,,20,20,3,15,7,8,40,40,200,200,,,,,,,,,,,,,,,,,,,,,,,1:09.61,60953,,True,False,True,,2.78037,0.00104999,0:08.17,,,,False,False,,,,,"1995696 OP, 32.74 GOPS","369200 OP, 6.06 GOPS","699440 OP, 11.48 GOPS",,"1296256 OP, 21.27 GOPS","369200 OP, 6.06 GOPS",True,False,True
481d287,b0af048,2019-10-07 22:10:42,SHA1,test,Tst,1000000000.0,../gen/Tst_test/SHA1/log/runproute.log,../gen/Tst_test/SHA1/log/runproute.sh,../gen/Tst_test/SHA1/plastisim/summary.csv,../gen/Tst_test/SHA1/pir/AccelMain.scala,../gen/Tst_test/SHA1/log/,../gen/Tst_test/SHA1/log/gentst.log,../gen/Tst_test/SHA1/pir/out/resource.csv,../gen/Tst_test/SHA1/log/maketst.log,../gen/Tst_test/SHA1/log/runp2p.log,../gen/Tst_test/SHA1/log/runhybrid.log,../gen/Tst_test/SHA1/log/p2pstat.log,True,,,,,,,,,,,,,,,,,,,,,,,,,,,,,,,,,,,,,,,,,False,False,,,,,,,,False,False,,,,,,,,,,,False,False,False
481d287,b0af048,2019-10-07 22:10:42,SPMV_CRS,test,Tst,1000000000.0,../gen/Tst_test/SPMV_CRS/log/runproute.log,../gen/Tst_test/SPMV_CRS/log/runproute.sh,../gen/Tst_test/SPMV_CRS/plastisim/summary.csv,../gen/Tst_test/SPMV_CRS/pir/AccelMain.scala,../gen/Tst_test/SPMV_CRS/log/,../gen/Tst_test/SPMV_CRS/log/gentst.log,../gen/Tst_test/SPMV_CRS/pir/out/resource.csv,../gen/Tst_test/SPMV_CRS/log/maketst.log,../gen/Tst_test/SPMV_CRS/log/runp2p.log,../gen/Tst_test/SPMV_CRS/log/runhybrid.log,../gen/Tst_test/SPMV_CRS/log/p2pstat.log,True,,,34.792722995,,20,20,5,27,6,6,40,40,200,200,,,,,,,,,,,,,,,,,,,,,,,1:24.30,10766,,True,False,True,,13.3338,0.184284,0:01.74,,,,False,False,,,,,"270242 OP, 25.10 GOPS","130834 OP, 12.15 GOPS","109558 OP, 10.18 GOPS",,"160684 OP, 14.93 GOPS","130834 OP, 12.15 GOPS",True,False,True
481d287,b0af048,2019-10-07 22:10:42,SPMV_DumbPack,test,Tst,1000000000.0,../gen/Tst_test/SPMV_DumbPack/log/runproute.log,../gen/Tst_test/SPMV_DumbPack/log/runproute.sh,../gen/Tst_test/SPMV_DumbPack/plastisim/summary.csv,../gen/Tst_test/SPMV_DumbPack/pir/AccelMain.scala,../gen/Tst_test/SPMV_DumbPack/log/,../gen/Tst_test/SPMV_DumbPack/log/gentst.log,../gen/Tst_test/SPMV_DumbPack/pir/out/resource.csv,../gen/Tst_test/SPMV_DumbPack/log/maketst.log,../gen/Tst_test/SPMV_DumbPack/log/runp2p.log,../gen/Tst_test/SPMV_DumbPack/log/runhybrid.log,../gen/Tst_test/SPMV_DumbPack/log/p2pstat.log,True,,,46.488684705,,20,20,10,40,10,11,40,40,200,200,,,,,,,,,,,,,,,,,,,,,,,1:54.70,64363,,True,False,True,,22.9787,0.0954586,0:15.66,,,,False,False,,,,,"3380760 OP, 52.53 GOPS","1199640 OP, 18.64 GOPS","978456 OP, 15.20 GOPS",,"2402304 OP, 37.32 GOPS","1199640 OP, 18.64 GOPS",True,False,True
481d287,b0af048,2019-10-07 22:10:42,SPMV_ELL,test,Tst,1000000000.0,../gen/Tst_test/SPMV_ELL/log/runproute.log,../gen/Tst_test/SPMV_ELL/log/runproute.sh,../gen/Tst_test/SPMV_ELL/plastisim/summary.csv,../gen/Tst_test/SPMV_ELL/pir/AccelMain.scala,../gen/Tst_test/SPMV_ELL/log/,../gen/Tst_test/SPMV_ELL/log/gentst.log,../gen/Tst_test/SPMV_ELL/pir/out/resource.csv,../gen/Tst_test/SPMV_ELL/log/maketst.log,../gen/Tst_test/SPMV_ELL/log/runp2p.log,../gen/Tst_test/SPMV_ELL/log/runhybrid.log,../gen/Tst_test/SPMV_ELL/log/p2pstat.log,True,,,27.600613078,,20,20,4,23,5,0,40,40,200,200,,,,,,,,,,,,,,,,,,,,,,,1:00.19,17831,,True,False,True,,10.617,0.111267,0:01.83,,,,False,False,,,,,"274684 OP, 15.40 GOPS","158588 OP, 8.89 GOPS","167476 OP, 9.39 GOPS",,"107208 OP, 6.01 GOPS","158588 OP, 8.89 GOPS",True,False,True
481d287,b0af048,2019-10-07 22:10:42,SRAM1D,test,Tst,1000000000.0,../gen/Tst_test/SRAM1D/log/runproute.log,../gen/Tst_test/SRAM1D/log/runproute.sh,../gen/Tst_test/SRAM1D/plastisim/summary.csv,../gen/Tst_test/SRAM1D/pir/AccelMain.scala,../gen/Tst_test/SRAM1D/log/,../gen/Tst_test/SRAM1D/log/gentst.log,../gen/Tst_test/SRAM1D/pir/out/resource.csv,../gen/Tst_test/SRAM1D/log/maketst.log,../gen/Tst_test/SRAM1D/log/runp2p.log,../gen/Tst_test/SRAM1D/log/runhybrid.log,../gen/Tst_test/SRAM1D/log/p2pstat.log,True,,,9.547756952,,20,20,0,2,1,0,40,40,200,200,,,,,,,,,,,,,,,,,,,,,,,0:29.46,405,,,False,True,,0.0,0.0,0:00.41,,,,False,False,,,,,"384 OP, 0.95 GOPS","384 OP, 0.95 GOPS","384 OP, 0.95 GOPS",,,"384 OP, 0.95 GOPS",True,False,True
481d287,b0af048,2019-10-07 22:10:42,SRAM2D,test,Tst,1000000000.0,../gen/Tst_test/SRAM2D/log/runproute.log,../gen/Tst_test/SRAM2D/log/runproute.sh,../gen/Tst_test/SRAM2D/plastisim/summary.csv,../gen/Tst_test/SRAM2D/pir/AccelMain.scala,../gen/Tst_test/SRAM2D/log/,../gen/Tst_test/SRAM2D/log/gentst.log,../gen/Tst_test/SRAM2D/pir/out/resource.csv,../gen/Tst_test/SRAM2D/log/maketst.log,../gen/Tst_test/SRAM2D/log/runp2p.log,../gen/Tst_test/SRAM2D/log/runhybrid.log,../gen/Tst_test/SRAM2D/log/p2pstat.log,True,,,10.511161654,,20,20,0,2,1,0,40,40,200,200,,,,,,,,,,,,,,,,,,,,,,,0:29.13,8213,,,False,True,,0.0,0.0,0:00.58,,,,False,False,,,,,"40960 OP, 4.99 GOPS","8192 OP, 1.00 GOPS","40960 OP, 4.99 GOPS",,,"8192 OP, 1.00 GOPS",True,False,True
481d287,b0af048,2019-10-07 22:10:42,SRAMCoalescing,test,Tst,1000000000.0,../gen/Tst_test/SRAMCoalescing/log/runproute.log,../gen/Tst_test/SRAMCoalescing/log/runproute.sh,../gen/Tst_test/SRAMCoalescing/plastisim/summary.csv,../gen/Tst_test/SRAMCoalescing/pir/AccelMain.scala,../gen/Tst_test/SRAMCoalescing/log/,../gen/Tst_test/SRAMCoalescing/log/gentst.log,../gen/Tst_test/SRAMCoalescing/pir/out/resource.csv,../gen/Tst_test/SRAMCoalescing/log/maketst.log,../gen/Tst_test/SRAMCoalescing/log/runp2p.log,../gen/Tst_test/SRAMCoalescing/log/runhybrid.log,../gen/Tst_test/SRAMCoalescing/log/p2pstat.log,True,,,12.296908728,,20,20,0,1,2,2,40,40,200,200,,,,,,,,,,,,,,,,,,,,,,,0:30.45,294,,,False,True,,0.0,0.0,0:00.57,,,,False,False,,,,,"4608 OP, 15.67 GOPS","1792 OP, 6.10 GOPS","2560 OP, 8.71 GOPS",,"2048 OP, 6.97 GOPS","1792 OP, 6.10 GOPS",True,False,True
481d287,b0af048,2019-10-07 22:10:42,SRAMMaskedWrite,test,Tst,1000000000.0,../gen/Tst_test/SRAMMaskedWrite/log/runproute.log,../gen/Tst_test/SRAMMaskedWrite/log/runproute.sh,../gen/Tst_test/SRAMMaskedWrite/plastisim/summary.csv,../gen/Tst_test/SRAMMaskedWrite/pir/AccelMain.scala,../gen/Tst_test/SRAMMaskedWrite/log/,../gen/Tst_test/SRAMMaskedWrite/log/gentst.log,../gen/Tst_test/SRAMMaskedWrite/pir/out/resource.csv,../gen/Tst_test/SRAMMaskedWrite/log/maketst.log,../gen/Tst_test/SRAMMaskedWrite/log/runp2p.log,../gen/Tst_test/SRAMMaskedWrite/log/runhybrid.log,../gen/Tst_test/SRAMMaskedWrite/log/p2pstat.log,True,,,14.261942067,,20,20,1,5,1,0,40,40,200,200,,,,,,,,,,,,,,,,,,,,,,,0:35.76,667,,True,False,True,,0.0,0.767616,0:00.43,,,,False,False,,,,,"1536 OP, 2.30 GOPS","1024 OP, 1.54 GOPS","768 OP, 1.15 GOPS",,"768 OP, 1.15 GOPS","1024 OP, 1.54 GOPS",True,False,True
481d287,b0af048,2019-10-07 22:10:42,SRAMTiny,test,Tst,1000000000.0,../gen/Tst_test/SRAMTiny/log/runproute.log,../gen/Tst_test/SRAMTiny/log/runproute.sh,../gen/Tst_test/SRAMTiny/plastisim/summary.csv,../gen/Tst_test/SRAMTiny/pir/AccelMain.scala,../gen/Tst_test/SRAMTiny/log/,../gen/Tst_test/SRAMTiny/log/gentst.log,../gen/Tst_test/SRAMTiny/pir/out/resource.csv,../gen/Tst_test/SRAMTiny/log/maketst.log,../gen/Tst_test/SRAMTiny/log/runp2p.log,../gen/Tst_test/SRAMTiny/log/runhybrid.log,../gen/Tst_test/SRAMTiny/log/p2pstat.log,True,,,7.171679157,,20,20,0,1,0,0,40,40,200,200,,,,,,,,,,,,,,,,,,,,,,,0:24.39,1,,,False,True,,0.0,0.0,0:00.45,,,,False,False,,,,,,,,,,,True,False,True
481d287,b0af048,2019-10-07 22:10:42,SRAMWithB2,test,Tst,1000000000.0,../gen/Tst_test/SRAMWithB2/log/runproute.log,../gen/Tst_test/SRAMWithB2/log/runproute.sh,../gen/Tst_test/SRAMWithB2/plastisim/summary.csv,../gen/Tst_test/SRAMWithB2/pir/AccelMain.scala,../gen/Tst_test/SRAMWithB2/log/,../gen/Tst_test/SRAMWithB2/log/gentst.log,../gen/Tst_test/SRAMWithB2/pir/out/resource.csv,../gen/Tst_test/SRAMWithB2/log/maketst.log,../gen/Tst_test/SRAMWithB2/log/runp2p.log,../gen/Tst_test/SRAMWithB2/log/runhybrid.log,../gen/Tst_test/SRAMWithB2/log/p2pstat.log,True,,,31.848066852,,20,20,1,40,3,65,40,40,200,200,,,,,,,,,,,,,,,,,,,,,,,,,,,False,False,,,,,,,,False,False,,,,,,,,,,,False,False,False
481d287,b0af048,2019-10-07 22:10:42,SVRG,test,Tst,1000000000.0,../gen/Tst_test/SVRG/log/runproute.log,../gen/Tst_test/SVRG/log/runproute.sh,../gen/Tst_test/SVRG/plastisim/summary.csv,../gen/Tst_test/SVRG/pir/AccelMain.scala,../gen/Tst_test/SVRG/log/,../gen/Tst_test/SVRG/log/gentst.log,../gen/Tst_test/SVRG/pir/out/resource.csv,../gen/Tst_test/SVRG/log/maketst.log,../gen/Tst_test/SVRG/log/runp2p.log,../gen/Tst_test/SVRG/log/runhybrid.log,../gen/Tst_test/SVRG/log/p2pstat.log,True,,"[[31merror[0m] Plasticine doesn't support HostIO
",1.125674482,,20,20,,,,,,,,,,,,,,,,,,,,,,,,,,,,,,,,,,,False,False,,,,,,,,False,False,,,,,,,,,,,False,False,False
481d287,b0af048,2019-10-07 22:10:42,SW_alg,test,Tst,1000000000.0,../gen/Tst_test/SW_alg/log/runproute.log,../gen/Tst_test/SW_alg/log/runproute.sh,../gen/Tst_test/SW_alg/plastisim/summary.csv,../gen/Tst_test/SW_alg/pir/AccelMain.scala,../gen/Tst_test/SW_alg/log/,../gen/Tst_test/SW_alg/log/gentst.log,../gen/Tst_test/SW_alg/pir/out/resource.csv,../gen/Tst_test/SW_alg/log/maketst.log,../gen/Tst_test/SW_alg/log/runp2p.log,../gen/Tst_test/SW_alg/log/runhybrid.log,../gen/Tst_test/SW_alg/log/p2pstat.log,False,[error] //TODO: Plasticine does not support unbanked unrolled access at the moment. ,,,,,,,,,,,,,,,,,,,,,,,,,,,,,,,,,,,,,,,,False,False,,,,,,,,False,False,,,,,,,,,,,False,False,False
481d287,b0af048,2019-10-07 22:10:42,SYRK_col,test,Tst,1000000000.0,../gen/Tst_test/SYRK_col/log/runproute.log,../gen/Tst_test/SYRK_col/log/runproute.sh,../gen/Tst_test/SYRK_col/plastisim/summary.csv,../gen/Tst_test/SYRK_col/pir/AccelMain.scala,../gen/Tst_test/SYRK_col/log/,../gen/Tst_test/SYRK_col/log/gentst.log,../gen/Tst_test/SYRK_col/pir/out/resource.csv,../gen/Tst_test/SYRK_col/log/maketst.log,../gen/Tst_test/SYRK_col/log/runp2p.log,../gen/Tst_test/SYRK_col/log/runhybrid.log,../gen/Tst_test/SYRK_col/log/p2pstat.log,True,,"[[31merror[0m] Constrain failed on MemoryContainer1229
",35.091238956,,20,20,,,,,,,,,,,,,,,,,,,,,,,,,,,,,,,,,,,False,False,,,,,,,,False,False,,,,,,,,,,,False,False,False
481d287,b0af048,2019-10-07 22:10:42,ScanLines,test,Tst,1000000000.0,../gen/Tst_test/ScanLines/log/runproute.log,../gen/Tst_test/ScanLines/log/runproute.sh,../gen/Tst_test/ScanLines/plastisim/summary.csv,../gen/Tst_test/ScanLines/pir/AccelMain.scala,../gen/Tst_test/ScanLines/log/,../gen/Tst_test/ScanLines/log/gentst.log,../gen/Tst_test/ScanLines/pir/out/resource.csv,../gen/Tst_test/ScanLines/log/maketst.log,../gen/Tst_test/ScanLines/log/runp2p.log,../gen/Tst_test/ScanLines/log/runhybrid.log,../gen/Tst_test/ScanLines/log/p2pstat.log,True,,,270.571568826,,20,20,2,40,121,200,40,40,200,200,,,,,,,,,,,,,,,,,,,,,,,46:47.37,28760,"Assertion fail:
",True,True,False,,0.28484,0.0,0:30.19,,,,False,False,,,,,,,,,,,False,False,False
481d287,b0af048,2019-10-07 22:10:42,Scan_fifofull,test,Tst,1000000000.0,../gen/Tst_test/Scan_fifofull/log/runproute.log,../gen/Tst_test/Scan_fifofull/log/runproute.sh,../gen/Tst_test/Scan_fifofull/plastisim/summary.csv,../gen/Tst_test/Scan_fifofull/pir/AccelMain.scala,../gen/Tst_test/Scan_fifofull/log/,../gen/Tst_test/Scan_fifofull/log/gentst.log,../gen/Tst_test/Scan_fifofull/pir/out/resource.csv,../gen/Tst_test/Scan_fifofull/log/maketst.log,../gen/Tst_test/Scan_fifofull/log/runp2p.log,../gen/Tst_test/Scan_fifofull/log/runhybrid.log,../gen/Tst_test/Scan_fifofull/log/p2pstat.log,True,,"[0m[[0m[31merror[0m] [0m[0m/home/yaqiz/pldi20/spatial/gen/Tst_test/Scan_fifofull/pir/AccelMain.scala:127:52: not found: value x488[0m
",,,,,,,,,,,,,,,,,,,,,,,,,,,,,,,,,,,,,,,False,False,,,,,,,,False,False,,,,,,,,,,,False,False,False
481d287,b0af048,2019-10-07 22:10:42,Scan_fillfifo,test,Tst,1000000000.0,../gen/Tst_test/Scan_fillfifo/log/runproute.log,../gen/Tst_test/Scan_fillfifo/log/runproute.sh,../gen/Tst_test/Scan_fillfifo/plastisim/summary.csv,../gen/Tst_test/Scan_fillfifo/pir/AccelMain.scala,../gen/Tst_test/Scan_fillfifo/log/,../gen/Tst_test/Scan_fillfifo/log/gentst.log,../gen/Tst_test/Scan_fillfifo/pir/out/resource.csv,../gen/Tst_test/Scan_fillfifo/log/maketst.log,../gen/Tst_test/Scan_fillfifo/log/runp2p.log,../gen/Tst_test/Scan_fillfifo/log/runhybrid.log,../gen/Tst_test/Scan_fillfifo/log/p2pstat.log,True,,"[0m[[0m[31merror[0m] [0m[0m/home/yaqiz/pldi20/spatial/gen/Tst_test/Scan_fillfifo/pir/AccelMain.scala:124:60: not found: value x311[0m
",,,,,,,,,,,,,,,,,,,,,,,,,,,,,,,,,,,,,,,False,False,,,,,,,,False,False,,,,,,,,,,,False,False,False
481d287,b0af048,2019-10-07 22:10:42,Scan_filter,test,Tst,1000000000.0,../gen/Tst_test/Scan_filter/log/runproute.log,../gen/Tst_test/Scan_filter/log/runproute.sh,../gen/Tst_test/Scan_filter/plastisim/summary.csv,../gen/Tst_test/Scan_filter/pir/AccelMain.scala,../gen/Tst_test/Scan_filter/log/,../gen/Tst_test/Scan_filter/log/gentst.log,../gen/Tst_test/Scan_filter/pir/out/resource.csv,../gen/Tst_test/Scan_filter/log/maketst.log,../gen/Tst_test/Scan_filter/log/runp2p.log,../gen/Tst_test/Scan_filter/log/runhybrid.log,../gen/Tst_test/Scan_filter/log/p2pstat.log,True,,,14.167507044,,20,20,2,6,2,0,40,40,200,200,,,,,,,,,,,,,,,,,,,,,,,0:36.36,325,,,False,True,,1.57538,1.57538,0:00.50,,,,False,False,,,,,"780 OP, 2.40 GOPS","268 OP, 0.82 GOPS","140 OP, 0.43 GOPS",,"640 OP, 1.97 GOPS","268 OP, 0.82 GOPS",True,False,True
481d287,b0af048,2019-10-07 22:10:42,Scan_filter_wait,test,Tst,1000000000.0,../gen/Tst_test/Scan_filter_wait/log/runproute.log,../gen/Tst_test/Scan_filter_wait/log/runproute.sh,../gen/Tst_test/Scan_filter_wait/plastisim/summary.csv,../gen/Tst_test/Scan_filter_wait/pir/AccelMain.scala,../gen/Tst_test/Scan_filter_wait/log/,../gen/Tst_test/Scan_filter_wait/log/gentst.log,../gen/Tst_test/Scan_filter_wait/pir/out/resource.csv,../gen/Tst_test/Scan_filter_wait/log/maketst.log,../gen/Tst_test/Scan_filter_wait/log/runp2p.log,../gen/Tst_test/Scan_filter_wait/log/runhybrid.log,../gen/Tst_test/Scan_filter_wait/log/p2pstat.log,True,,,13.666881618,,20,20,2,7,2,0,40,40,200,200,,,,,,,,,,,,,,,,,,,,,,,0:34.55,328,,,False,True,,1.56098,1.56098,0:00.37,,,,False,False,,,,,"780 OP, 2.38 GOPS","268 OP, 0.82 GOPS","140 OP, 0.43 GOPS",,"640 OP, 1.95 GOPS","268 OP, 0.82 GOPS",True,False,True
481d287,b0af048,2019-10-07 22:10:42,ScatterGatherSRAM,test,Tst,1000000000.0,../gen/Tst_test/ScatterGatherSRAM/log/runproute.log,../gen/Tst_test/ScatterGatherSRAM/log/runproute.sh,../gen/Tst_test/ScatterGatherSRAM/plastisim/summary.csv,../gen/Tst_test/ScatterGatherSRAM/pir/AccelMain.scala,../gen/Tst_test/ScatterGatherSRAM/log/,../gen/Tst_test/ScatterGatherSRAM/log/gentst.log,../gen/Tst_test/ScatterGatherSRAM/pir/out/resource.csv,../gen/Tst_test/ScatterGatherSRAM/log/maketst.log,../gen/Tst_test/ScatterGatherSRAM/log/runp2p.log,../gen/Tst_test/ScatterGatherSRAM/log/runhybrid.log,../gen/Tst_test/ScatterGatherSRAM/log/p2pstat.log,True,,,14.222503955,,20,20,3,6,3,0,40,40,200,200,,,,,,,,,,,,,,,,,,,,,,,0:38.19,14432,,True,False,True,,9.1929,6.81153,0:00.99,,,,False,False,,,,,"18444 OP, 1.28 GOPS","9228 OP, 0.64 GOPS","9228 OP, 0.64 GOPS",,"9216 OP, 0.64 GOPS","9228 OP, 0.64 GOPS",True,False,True
481d287,b0af048,2019-10-07 22:10:42,ScatterGatherSRAM2,test,Tst,1000000000.0,../gen/Tst_test/ScatterGatherSRAM2/log/runproute.log,../gen/Tst_test/ScatterGatherSRAM2/log/runproute.sh,../gen/Tst_test/ScatterGatherSRAM2/plastisim/summary.csv,../gen/Tst_test/ScatterGatherSRAM2/pir/AccelMain.scala,../gen/Tst_test/ScatterGatherSRAM2/log/,../gen/Tst_test/ScatterGatherSRAM2/log/gentst.log,../gen/Tst_test/ScatterGatherSRAM2/pir/out/resource.csv,../gen/Tst_test/ScatterGatherSRAM2/log/maketst.log,../gen/Tst_test/ScatterGatherSRAM2/log/runp2p.log,../gen/Tst_test/ScatterGatherSRAM2/log/runhybrid.log,../gen/Tst_test/ScatterGatherSRAM2/log/p2pstat.log,True,,,12.863765119,,20,20,3,6,3,0,40,40,200,200,,,,,,,,,,,,,,,,,,,,,,,0:35.51,2977,,,False,True,,4.27813,3.4397,0:00.71,,,,False,False,,,,,"1935 OP, 0.65 GOPS","975 OP, 0.33 GOPS","975 OP, 0.33 GOPS",,"960 OP, 0.32 GOPS","975 OP, 0.33 GOPS",True,False,True
481d287,b0af048,2019-10-07 22:10:42,ScatterGatherSRAM3,test,Tst,1000000000.0,../gen/Tst_test/ScatterGatherSRAM3/log/runproute.log,../gen/Tst_test/ScatterGatherSRAM3/log/runproute.sh,../gen/Tst_test/ScatterGatherSRAM3/plastisim/summary.csv,../gen/Tst_test/ScatterGatherSRAM3/pir/AccelMain.scala,../gen/Tst_test/ScatterGatherSRAM3/log/,../gen/Tst_test/ScatterGatherSRAM3/log/gentst.log,../gen/Tst_test/ScatterGatherSRAM3/pir/out/resource.csv,../gen/Tst_test/ScatterGatherSRAM3/log/maketst.log,../gen/Tst_test/ScatterGatherSRAM3/log/runp2p.log,../gen/Tst_test/ScatterGatherSRAM3/log/runhybrid.log,../gen/Tst_test/ScatterGatherSRAM3/log/p2pstat.log,True,,,13.692713741,,20,20,3,6,3,0,40,40,200,200,,,,,,,,,,,,,,,,,,,,,,,0:39.13,2977,,,False,True,,4.40712,3.4397,0:00.55,,,,False,False,,,,,"1775 OP, 0.60 GOPS","495 OP, 0.17 GOPS","815 OP, 0.27 GOPS",,"960 OP, 0.32 GOPS","495 OP, 0.17 GOPS",True,False,True
481d287,b0af048,2019-10-07 22:10:42,ScatterGather_Bias,test,Tst,1000000000.0,../gen/Tst_test/ScatterGather_Bias/log/runproute.log,../gen/Tst_test/ScatterGather_Bias/log/runproute.sh,../gen/Tst_test/ScatterGather_Bias/plastisim/summary.csv,../gen/Tst_test/ScatterGather_Bias/pir/AccelMain.scala,../gen/Tst_test/ScatterGather_Bias/log/,../gen/Tst_test/ScatterGather_Bias/log/gentst.log,../gen/Tst_test/ScatterGather_Bias/pir/out/resource.csv,../gen/Tst_test/ScatterGather_Bias/log/maketst.log,../gen/Tst_test/ScatterGather_Bias/log/runp2p.log,../gen/Tst_test/ScatterGather_Bias/log/runhybrid.log,../gen/Tst_test/ScatterGather_Bias/log/p2pstat.log,True,,,15.080128166,,20,20,3,6,3,1,40,40,200,200,,,,,,,,,,,,,,,,,,,,,,,0:36.73,5977,,,False,True,,4.39016,3.42647,0:00.64,,,,False,False,,,,,"4196 OP, 0.70 GOPS","1636 OP, 0.27 GOPS","2274 OP, 0.38 GOPS",,"1922 OP, 0.32 GOPS","1636 OP, 0.27 GOPS",True,False,True
481d287,b0af048,2019-10-07 22:10:42,ScatterInterference,test,Tst,1000000000.0,../gen/Tst_test/ScatterInterference/log/runproute.log,../gen/Tst_test/ScatterInterference/log/runproute.sh,../gen/Tst_test/ScatterInterference/plastisim/summary.csv,../gen/Tst_test/ScatterInterference/pir/AccelMain.scala,../gen/Tst_test/ScatterInterference/log/,../gen/Tst_test/ScatterInterference/log/gentst.log,../gen/Tst_test/ScatterInterference/pir/out/resource.csv,../gen/Tst_test/ScatterInterference/log/maketst.log,../gen/Tst_test/ScatterInterference/log/runp2p.log,../gen/Tst_test/ScatterInterference/log/runhybrid.log,../gen/Tst_test/ScatterInterference/log/p2pstat.log,True,,"[0m[[0m[31merror[0m] [0m[0m/home/yaqiz/pldi20/spatial/gen/Tst_test/ScatterInterference/pir/AccelMain.scala:529:68: not found: value x676[0m
",,,,,,,,,,,,,,,,,,,,,,,,,,,,,,,,,,,,,,,False,False,,,,,,,,False,False,,,,,,,,,,,False,False,False
481d287,b0af048,2019-10-07 22:10:42,ScatterMixed,test,Tst,1000000000.0,../gen/Tst_test/ScatterMixed/log/runproute.log,../gen/Tst_test/ScatterMixed/log/runproute.sh,../gen/Tst_test/ScatterMixed/plastisim/summary.csv,../gen/Tst_test/ScatterMixed/pir/AccelMain.scala,../gen/Tst_test/ScatterMixed/log/,../gen/Tst_test/ScatterMixed/log/gentst.log,../gen/Tst_test/ScatterMixed/pir/out/resource.csv,../gen/Tst_test/ScatterMixed/log/maketst.log,../gen/Tst_test/ScatterMixed/log/runp2p.log,../gen/Tst_test/ScatterMixed/log/runhybrid.log,../gen/Tst_test/ScatterMixed/log/p2pstat.log,True,,"[0m[[0m[31merror[0m] [0m[0m/home/yaqiz/pldi20/spatial/gen/Tst_test/ScatterMixed/pir/AccelMain.scala:34:68: not found: value x336[0m
",,,,,,,,,,,,,,,,,,,,,,,,,,,,,,,,,,,,,,,False,False,,,,,,,,False,False,,,,,,,,,,,False,False,False
481d287,b0af048,2019-10-07 22:10:42,SequentialWrites,test,Tst,1000000000.0,../gen/Tst_test/SequentialWrites/log/runproute.log,../gen/Tst_test/SequentialWrites/log/runproute.sh,../gen/Tst_test/SequentialWrites/plastisim/summary.csv,../gen/Tst_test/SequentialWrites/pir/AccelMain.scala,../gen/Tst_test/SequentialWrites/log/,../gen/Tst_test/SequentialWrites/log/gentst.log,../gen/Tst_test/SequentialWrites/pir/out/resource.csv,../gen/Tst_test/SequentialWrites/log/maketst.log,../gen/Tst_test/SequentialWrites/log/runp2p.log,../gen/Tst_test/SequentialWrites/log/runhybrid.log,../gen/Tst_test/SequentialWrites/log/p2pstat.log,True,,,15.94205485,,20,20,2,5,3,1,40,40,200,200,,,,,,,,,,,,,,,,,,,,,,,0:40.35,785,,True,False,True,,0.489172,0.489172,0:00.54,,,,False,False,,,,,"5280 OP, 6.73 GOPS","2880 OP, 3.67 GOPS","2880 OP, 3.67 GOPS",,"2400 OP, 3.06 GOPS","2880 OP, 3.67 GOPS",True,False,True
481d287,b0af048,2019-10-07 22:10:42,ShiftRegs,test,Tst,1000000000.0,../gen/Tst_test/ShiftRegs/log/runproute.log,../gen/Tst_test/ShiftRegs/log/runproute.sh,../gen/Tst_test/ShiftRegs/plastisim/summary.csv,../gen/Tst_test/ShiftRegs/pir/AccelMain.scala,../gen/Tst_test/ShiftRegs/log/,../gen/Tst_test/ShiftRegs/log/gentst.log,../gen/Tst_test/ShiftRegs/pir/out/resource.csv,../gen/Tst_test/ShiftRegs/log/maketst.log,../gen/Tst_test/ShiftRegs/log/runp2p.log,../gen/Tst_test/ShiftRegs/log/runhybrid.log,../gen/Tst_test/ShiftRegs/log/p2pstat.log,True,,"[[31merror[0m] Failed passes: 04-GraphInitialization
",5.182984808,,20,20,,,,,,,,,,,,,,,,,,,,,,,,,,,,,,,,,,,False,False,,,,,,,,False,False,,,,,,,,,,,False,False,False
481d287,b0af048,2019-10-07 22:10:42,ShiftTest,test,Tst,1000000000.0,../gen/Tst_test/ShiftTest/log/runproute.log,../gen/Tst_test/ShiftTest/log/runproute.sh,../gen/Tst_test/ShiftTest/plastisim/summary.csv,../gen/Tst_test/ShiftTest/pir/AccelMain.scala,../gen/Tst_test/ShiftTest/log/,../gen/Tst_test/ShiftTest/log/gentst.log,../gen/Tst_test/ShiftTest/pir/out/resource.csv,../gen/Tst_test/ShiftTest/log/maketst.log,../gen/Tst_test/ShiftTest/log/runp2p.log,../gen/Tst_test/ShiftTest/log/runhybrid.log,../gen/Tst_test/ShiftTest/log/p2pstat.log,True,,,10.50320336,,20,20,0,4,0,0,40,40,200,200,,,,,,,,,,,,,,,,,,,,,,,0:27.45,31,,,False,True,,0.0,0.0,0:00.44,,,,False,False,,,,,"16 OP, 0.52 GOPS","16 OP, 0.52 GOPS","13 OP, 0.42 GOPS",,"3 OP, 0.10 GOPS","16 OP, 0.52 GOPS",True,False,True
481d287,b0af048,2019-10-07 22:10:42,SigmoidFloat,test,Tst,1000000000.0,../gen/Tst_test/SigmoidFloat/log/runproute.log,../gen/Tst_test/SigmoidFloat/log/runproute.sh,../gen/Tst_test/SigmoidFloat/plastisim/summary.csv,../gen/Tst_test/SigmoidFloat/pir/AccelMain.scala,../gen/Tst_test/SigmoidFloat/log/,../gen/Tst_test/SigmoidFloat/log/gentst.log,../gen/Tst_test/SigmoidFloat/pir/out/resource.csv,../gen/Tst_test/SigmoidFloat/log/maketst.log,../gen/Tst_test/SigmoidFloat/log/runp2p.log,../gen/Tst_test/SigmoidFloat/log/runhybrid.log,../gen/Tst_test/SigmoidFloat/log/p2pstat.log,True,,,14.892824712,,20,20,2,13,2,2,40,40,200,200,,,,,,,,,,,,,,,,,,,,,,,0:38.55,211,,,False,True,,1.21327,0.909953,0:00.40,,,,False,False,,,,,"1152 OP, 5.46 GOPS","1038 OP, 4.92 GOPS","684 OP, 3.24 GOPS","36 OP, 0.17 GOPS","432 OP, 2.05 GOPS","750 OP, 3.55 GOPS",True,False,True
481d287,b0af048,2019-10-07 22:10:42,SimpleGatherStore,test,Tst,1000000000.0,../gen/Tst_test/SimpleGatherStore/log/runproute.log,../gen/Tst_test/SimpleGatherStore/log/runproute.sh,../gen/Tst_test/SimpleGatherStore/plastisim/summary.csv,../gen/Tst_test/SimpleGatherStore/pir/AccelMain.scala,../gen/Tst_test/SimpleGatherStore/log/,../gen/Tst_test/SimpleGatherStore/log/gentst.log,../gen/Tst_test/SimpleGatherStore/pir/out/resource.csv,../gen/Tst_test/SimpleGatherStore/log/maketst.log,../gen/Tst_test/SimpleGatherStore/log/runp2p.log,../gen/Tst_test/SimpleGatherStore/log/runhybrid.log,../gen/Tst_test/SimpleGatherStore/log/p2pstat.log,True,,,11.560389045,,20,20,3,3,2,2,40,40,200,200,,,,,,,,,,,,,,,,,,,,,,,0:36.14,148,,True,False,True,,7.35135,1.72973,0:00.41,,,,False,False,,,,,"460 OP, 3.11 GOPS","460 OP, 3.11 GOPS","460 OP, 3.11 GOPS",,,"460 OP, 3.11 GOPS",True,False,True
481d287,b0af048,2019-10-07 22:10:42,SimpleLock,test,Tst,1000000000.0,../gen/Tst_test/SimpleLock/log/runproute.log,../gen/Tst_test/SimpleLock/log/runproute.sh,../gen/Tst_test/SimpleLock/plastisim/summary.csv,../gen/Tst_test/SimpleLock/pir/AccelMain.scala,../gen/Tst_test/SimpleLock/log/,../gen/Tst_test/SimpleLock/log/gentst.log,../gen/Tst_test/SimpleLock/pir/out/resource.csv,../gen/Tst_test/SimpleLock/log/maketst.log,../gen/Tst_test/SimpleLock/log/runp2p.log,../gen/Tst_test/SimpleLock/log/runhybrid.log,../gen/Tst_test/SimpleLock/log/p2pstat.log,True,,"[0m[[0m[31merror[0m] [0m[0m/home/yaqiz/pldi20/spatial/gen/Tst_test/SimpleLock/pir/AccelMain.scala:49:29: not found: value x164[0m
",,,,,,,,,,,,,,,,,,,,,,,,,,,,,,,,,,,,,,,False,False,,,,,,,,False,False,,,,,,,,,,,False,False,False
481d287,b0af048,2019-10-07 22:10:42,SimpleMap,test,Tst,1000000000.0,../gen/Tst_test/SimpleMap/log/runproute.log,../gen/Tst_test/SimpleMap/log/runproute.sh,../gen/Tst_test/SimpleMap/plastisim/summary.csv,../gen/Tst_test/SimpleMap/pir/AccelMain.scala,../gen/Tst_test/SimpleMap/log/,../gen/Tst_test/SimpleMap/log/gentst.log,../gen/Tst_test/SimpleMap/pir/out/resource.csv,../gen/Tst_test/SimpleMap/log/maketst.log,../gen/Tst_test/SimpleMap/log/runp2p.log,../gen/Tst_test/SimpleMap/log/runhybrid.log,../gen/Tst_test/SimpleMap/log/p2pstat.log,True,,,13.046532294,,20,20,2,3,2,2,40,40,200,200,,,,,,,,,,,,,,,,,,,,,,,0:36.22,10107,"Assertion fail:
",,True,False,,0.101316,0.050658,0:00.87,,,,False,False,,,,,,,,,,,False,False,False
481d287,b0af048,2019-10-07 22:10:42,SimplePipeRetime2,test,Tst,1000000000.0,../gen/Tst_test/SimplePipeRetime2/log/runproute.log,../gen/Tst_test/SimplePipeRetime2/log/runproute.sh,../gen/Tst_test/SimplePipeRetime2/plastisim/summary.csv,../gen/Tst_test/SimplePipeRetime2/pir/AccelMain.scala,../gen/Tst_test/SimplePipeRetime2/log/,../gen/Tst_test/SimplePipeRetime2/log/gentst.log,../gen/Tst_test/SimplePipeRetime2/pir/out/resource.csv,../gen/Tst_test/SimplePipeRetime2/log/maketst.log,../gen/Tst_test/SimplePipeRetime2/log/runp2p.log,../gen/Tst_test/SimplePipeRetime2/log/runhybrid.log,../gen/Tst_test/SimplePipeRetime2/log/p2pstat.log,True,,,7.227440903,,20,20,0,1,0,0,40,40,200,200,,,,,,,,,,,,,,,,,,,,,,,0:22.57,13,,,False,True,,0.0,0.0,0:00.37,,,,False,False,,,,,"4 OP, 0.31 GOPS","3 OP, 0.23 GOPS","4 OP, 0.31 GOPS",,,"3 OP, 0.23 GOPS",True,False,True
481d287,b0af048,2019-10-07 22:10:42,SimplePipelined,test,Tst,1000000000.0,../gen/Tst_test/SimplePipelined/log/runproute.log,../gen/Tst_test/SimplePipelined/log/runproute.sh,../gen/Tst_test/SimplePipelined/plastisim/summary.csv,../gen/Tst_test/SimplePipelined/pir/AccelMain.scala,../gen/Tst_test/SimplePipelined/log/,../gen/Tst_test/SimplePipelined/log/gentst.log,../gen/Tst_test/SimplePipelined/pir/out/resource.csv,../gen/Tst_test/SimplePipelined/log/maketst.log,../gen/Tst_test/SimplePipelined/log/runp2p.log,../gen/Tst_test/SimplePipelined/log/runhybrid.log,../gen/Tst_test/SimplePipelined/log/p2pstat.log,True,,,14.481549809,,20,20,0,6,3,0,40,40,200,200,,,,,,,,,,,,,,,,,,,,,,,0:32.12,382,,True,False,True,,0.0,0.0,0:00.38,,,,False,False,,,,,"782 OP, 2.05 GOPS","776 OP, 2.03 GOPS","776 OP, 2.03 GOPS",,"6 OP, 0.02 GOPS","776 OP, 2.03 GOPS",True,False,True
481d287,b0af048,2019-10-07 22:10:42,SimpleRetimePipe,test,Tst,1000000000.0,../gen/Tst_test/SimpleRetimePipe/log/runproute.log,../gen/Tst_test/SimpleRetimePipe/log/runproute.sh,../gen/Tst_test/SimpleRetimePipe/plastisim/summary.csv,../gen/Tst_test/SimpleRetimePipe/pir/AccelMain.scala,../gen/Tst_test/SimpleRetimePipe/log/,../gen/Tst_test/SimpleRetimePipe/log/gentst.log,../gen/Tst_test/SimpleRetimePipe/pir/out/resource.csv,../gen/Tst_test/SimpleRetimePipe/log/maketst.log,../gen/Tst_test/SimpleRetimePipe/log/runp2p.log,../gen/Tst_test/SimpleRetimePipe/log/runhybrid.log,../gen/Tst_test/SimpleRetimePipe/log/p2pstat.log,True,,,,,,,,,,,,,,,,,,,,,,,,,,,,,,,,,,,,,,,,,False,False,,,,,,,,False,False,,,,,,,,,,,False,False,False
481d287,b0af048,2019-10-07 22:10:42,SimpleScatter,test,Tst,1000000000.0,../gen/Tst_test/SimpleScatter/log/runproute.log,../gen/Tst_test/SimpleScatter/log/runproute.sh,../gen/Tst_test/SimpleScatter/plastisim/summary.csv,../gen/Tst_test/SimpleScatter/pir/AccelMain.scala,../gen/Tst_test/SimpleScatter/log/,../gen/Tst_test/SimpleScatter/log/gentst.log,../gen/Tst_test/SimpleScatter/pir/out/resource.csv,../gen/Tst_test/SimpleScatter/log/maketst.log,../gen/Tst_test/SimpleScatter/log/runp2p.log,../gen/Tst_test/SimpleScatter/log/runhybrid.log,../gen/Tst_test/SimpleScatter/log/p2pstat.log,True,,,11.32666304,,20,20,3,2,2,2,40,40,200,200,,,,,,,,,,,,,,,,,,,,,,,0:33.89,833,,True,False,True,,5.53181,4.91717,0:00.42,,,,False,False,,,,,"460 OP, 0.55 GOPS","460 OP, 0.55 GOPS","460 OP, 0.55 GOPS",,,"460 OP, 0.55 GOPS",True,False,True
481d287,b0af048,2019-10-07 22:10:42,SimpleSequential,test,Tst,1000000000.0,../gen/Tst_test/SimpleSequential/log/runproute.log,../gen/Tst_test/SimpleSequential/log/runproute.sh,../gen/Tst_test/SimpleSequential/plastisim/summary.csv,../gen/Tst_test/SimpleSequential/pir/AccelMain.scala,../gen/Tst_test/SimpleSequential/log/,../gen/Tst_test/SimpleSequential/log/gentst.log,../gen/Tst_test/SimpleSequential/pir/out/resource.csv,../gen/Tst_test/SimpleSequential/log/maketst.log,../gen/Tst_test/SimpleSequential/log/runp2p.log,../gen/Tst_test/SimpleSequential/log/runhybrid.log,../gen/Tst_test/SimpleSequential/log/p2pstat.log,True,,,7.473545454,,20,20,0,1,1,0,40,40,200,200,,,,,,,,,,,,,,,,,,,,,,,0:29.77,10020,"Assertion fail:
",,True,False,,0.0,0.0,0:00.77,,,,False,False,,,,,,,,,,,False,False,False
481d287,b0af048,2019-10-07 22:10:42,SimpleStructTest,test,Tst,1000000000.0,../gen/Tst_test/SimpleStructTest/log/runproute.log,../gen/Tst_test/SimpleStructTest/log/runproute.sh,../gen/Tst_test/SimpleStructTest/plastisim/summary.csv,../gen/Tst_test/SimpleStructTest/pir/AccelMain.scala,../gen/Tst_test/SimpleStructTest/log/,../gen/Tst_test/SimpleStructTest/log/gentst.log,../gen/Tst_test/SimpleStructTest/pir/out/resource.csv,../gen/Tst_test/SimpleStructTest/log/maketst.log,../gen/Tst_test/SimpleStructTest/log/runp2p.log,../gen/Tst_test/SimpleStructTest/log/runhybrid.log,../gen/Tst_test/SimpleStructTest/log/p2pstat.log,True,,,6.67326427,,20,20,0,0,0,0,40,40,200,200,,,,,,,,,,,,,,,,,,,,,,,0:16.61,,,,False,True,,,,0:00.00,,,,False,False,,,,,,,,,,,True,False,True
481d287,b0af048,2019-10-07 22:10:42,SingleLayerConv_IRCO,test,Tst,1000000000.0,../gen/Tst_test/SingleLayerConv_IRCO/log/runproute.log,../gen/Tst_test/SingleLayerConv_IRCO/log/runproute.sh,../gen/Tst_test/SingleLayerConv_IRCO/plastisim/summary.csv,../gen/Tst_test/SingleLayerConv_IRCO/pir/AccelMain.scala,../gen/Tst_test/SingleLayerConv_IRCO/log/,../gen/Tst_test/SingleLayerConv_IRCO/log/gentst.log,../gen/Tst_test/SingleLayerConv_IRCO/pir/out/resource.csv,../gen/Tst_test/SingleLayerConv_IRCO/log/maketst.log,../gen/Tst_test/SingleLayerConv_IRCO/log/runp2p.log,../gen/Tst_test/SingleLayerConv_IRCO/log/runhybrid.log,../gen/Tst_test/SingleLayerConv_IRCO/log/p2pstat.log,False,[bug] Encountered exception while updating node,,,,,,,,,,,,,,,,,,,,,,,,,,,,,,,,,,,,,,,,False,False,,,,,,,,False,False,,,,,,,,,,,False,False,False
481d287,b0af048,2019-10-07 22:10:42,SingleLayerConv_OIRC,test,Tst,1000000000.0,../gen/Tst_test/SingleLayerConv_OIRC/log/runproute.log,../gen/Tst_test/SingleLayerConv_OIRC/log/runproute.sh,../gen/Tst_test/SingleLayerConv_OIRC/plastisim/summary.csv,../gen/Tst_test/SingleLayerConv_OIRC/pir/AccelMain.scala,../gen/Tst_test/SingleLayerConv_OIRC/log/,../gen/Tst_test/SingleLayerConv_OIRC/log/gentst.log,../gen/Tst_test/SingleLayerConv_OIRC/pir/out/resource.csv,../gen/Tst_test/SingleLayerConv_OIRC/log/maketst.log,../gen/Tst_test/SingleLayerConv_OIRC/log/runp2p.log,../gen/Tst_test/SingleLayerConv_OIRC/log/runhybrid.log,../gen/Tst_test/SingleLayerConv_OIRC/log/p2pstat.log,False,[bug] Encountered exception while updating node,,,,,,,,,,,,,,,,,,,,,,,,,,,,,,,,,,,,,,,,False,False,,,,,,,,False,False,,,,,,,,,,,False,False,False
481d287,b0af048,2019-10-07 22:10:42,SingleLayerConv_RCIO,test,Tst,1000000000.0,../gen/Tst_test/SingleLayerConv_RCIO/log/runproute.log,../gen/Tst_test/SingleLayerConv_RCIO/log/runproute.sh,../gen/Tst_test/SingleLayerConv_RCIO/plastisim/summary.csv,../gen/Tst_test/SingleLayerConv_RCIO/pir/AccelMain.scala,../gen/Tst_test/SingleLayerConv_RCIO/log/,../gen/Tst_test/SingleLayerConv_RCIO/log/gentst.log,../gen/Tst_test/SingleLayerConv_RCIO/pir/out/resource.csv,../gen/Tst_test/SingleLayerConv_RCIO/log/maketst.log,../gen/Tst_test/SingleLayerConv_RCIO/log/runp2p.log,../gen/Tst_test/SingleLayerConv_RCIO/log/runhybrid.log,../gen/Tst_test/SingleLayerConv_RCIO/log/p2pstat.log,False,[bug] Encountered exception while updating node,,,,,,,,,,,,,,,,,,,,,,,,,,,,,,,,,,,,,,,,False,False,,,,,,,,False,False,,,,,,,,,,,False,False,False
481d287,b0af048,2019-10-07 22:10:42,SingleLayerConv_RCIO_NoPad,test,Tst,1000000000.0,../gen/Tst_test/SingleLayerConv_RCIO_NoPad/log/runproute.log,../gen/Tst_test/SingleLayerConv_RCIO_NoPad/log/runproute.sh,../gen/Tst_test/SingleLayerConv_RCIO_NoPad/plastisim/summary.csv,../gen/Tst_test/SingleLayerConv_RCIO_NoPad/pir/AccelMain.scala,../gen/Tst_test/SingleLayerConv_RCIO_NoPad/log/,../gen/Tst_test/SingleLayerConv_RCIO_NoPad/log/gentst.log,../gen/Tst_test/SingleLayerConv_RCIO_NoPad/pir/out/resource.csv,../gen/Tst_test/SingleLayerConv_RCIO_NoPad/log/maketst.log,../gen/Tst_test/SingleLayerConv_RCIO_NoPad/log/runp2p.log,../gen/Tst_test/SingleLayerConv_RCIO_NoPad/log/runhybrid.log,../gen/Tst_test/SingleLayerConv_RCIO_NoPad/log/p2pstat.log,True,,,,,,,,,,,,,,,,,,,,,,,,,,,,,,,,,,,,,,,,,False,False,,,,,,,,False,False,,,,,,,,,,,False,False,False
481d287,b0af048,2019-10-07 22:10:42,SmallTensorLoad,test,Tst,1000000000.0,../gen/Tst_test/SmallTensorLoad/log/runproute.log,../gen/Tst_test/SmallTensorLoad/log/runproute.sh,../gen/Tst_test/SmallTensorLoad/plastisim/summary.csv,../gen/Tst_test/SmallTensorLoad/pir/AccelMain.scala,../gen/Tst_test/SmallTensorLoad/log/,../gen/Tst_test/SmallTensorLoad/log/gentst.log,../gen/Tst_test/SmallTensorLoad/pir/out/resource.csv,../gen/Tst_test/SmallTensorLoad/log/maketst.log,../gen/Tst_test/SmallTensorLoad/log/runp2p.log,../gen/Tst_test/SmallTensorLoad/log/runhybrid.log,../gen/Tst_test/SmallTensorLoad/log/p2pstat.log,True,,,17.601462876,,20,20,2,8,2,9,40,40,200,200,,,,,,,,,,,,,,,,,,,,,,,0:47.21,31423,,True,False,True,,1.53569,0.830984,0:02.39,,,,False,False,,,,,"444672 OP, 14.15 GOPS","260352 OP, 8.29 GOPS","274944 OP, 8.75 GOPS",,"169728 OP, 5.40 GOPS","260352 OP, 8.29 GOPS",True,False,True
481d287,b0af048,2019-10-07 22:10:42,SmallTypeTransfers,test,Tst,1000000000.0,../gen/Tst_test/SmallTypeTransfers/log/runproute.log,../gen/Tst_test/SmallTypeTransfers/log/runproute.sh,../gen/Tst_test/SmallTypeTransfers/plastisim/summary.csv,../gen/Tst_test/SmallTypeTransfers/pir/AccelMain.scala,../gen/Tst_test/SmallTypeTransfers/log/,../gen/Tst_test/SmallTypeTransfers/log/gentst.log,../gen/Tst_test/SmallTypeTransfers/pir/out/resource.csv,../gen/Tst_test/SmallTypeTransfers/log/maketst.log,../gen/Tst_test/SmallTypeTransfers/log/runp2p.log,../gen/Tst_test/SmallTypeTransfers/log/runhybrid.log,../gen/Tst_test/SmallTypeTransfers/log/p2pstat.log,True,,"[[31merror[0m] Failed passes: 61-TungstenPIRGen
",17.254992071,,20,20,4,10,4,0,40,40,200,200,,,,,,,,,,,,,,,,,,,,,,,,,,,False,False,,,,,,,,False,False,,,,,,,,,,,False,False,False
481d287,b0af048,2019-10-07 22:10:42,Sobel,test,Tst,1000000000.0,../gen/Tst_test/Sobel/log/runproute.log,../gen/Tst_test/Sobel/log/runproute.sh,../gen/Tst_test/Sobel/plastisim/summary.csv,../gen/Tst_test/Sobel/pir/AccelMain.scala,../gen/Tst_test/Sobel/log/,../gen/Tst_test/Sobel/log/gentst.log,../gen/Tst_test/Sobel/pir/out/resource.csv,../gen/Tst_test/Sobel/log/maketst.log,../gen/Tst_test/Sobel/log/runp2p.log,../gen/Tst_test/Sobel/log/runhybrid.log,../gen/Tst_test/Sobel/log/p2pstat.log,True,,"[0m[[0m[31merror[0m] [0m[0m/home/yaqiz/pldi20/spatial/gen/Tst_test/Sobel/pir/AccelMain.scala:190:29: not found: value x604[0m
",,,,,,,,,,,,,,,,,,,,,,,,,,,,,,,,,,,,,,,False,False,,,,,,,,False,False,,,,,,,,,,,False,False,False
481d287,b0af048,2019-10-07 22:10:42,Sort_Merge,test,Tst,1000000000.0,../gen/Tst_test/Sort_Merge/log/runproute.log,../gen/Tst_test/Sort_Merge/log/runproute.sh,../gen/Tst_test/Sort_Merge/plastisim/summary.csv,../gen/Tst_test/Sort_Merge/pir/AccelMain.scala,../gen/Tst_test/Sort_Merge/log/,../gen/Tst_test/Sort_Merge/log/gentst.log,../gen/Tst_test/Sort_Merge/pir/out/resource.csv,../gen/Tst_test/Sort_Merge/log/maketst.log,../gen/Tst_test/Sort_Merge/log/runp2p.log,../gen/Tst_test/Sort_Merge/log/runhybrid.log,../gen/Tst_test/Sort_Merge/log/p2pstat.log,True,,,12.792240556,,20,20,2,3,1,2,40,40,200,200,,,,,,,,,,,,,,,,,,,,,,,0:35.76,555,"Assertion fail:
",True,False,False,,14.7604,14.7604,0:00.68,,,,False,False,,,,,,,,,,,False,False,False
481d287,b0af048,2019-10-07 22:10:42,Sort_Merge_Native,test,Tst,1000000000.0,../gen/Tst_test/Sort_Merge_Native/log/runproute.log,../gen/Tst_test/Sort_Merge_Native/log/runproute.sh,../gen/Tst_test/Sort_Merge_Native/plastisim/summary.csv,../gen/Tst_test/Sort_Merge_Native/pir/AccelMain.scala,../gen/Tst_test/Sort_Merge_Native/log/,../gen/Tst_test/Sort_Merge_Native/log/gentst.log,../gen/Tst_test/Sort_Merge_Native/pir/out/resource.csv,../gen/Tst_test/Sort_Merge_Native/log/maketst.log,../gen/Tst_test/Sort_Merge_Native/log/runp2p.log,../gen/Tst_test/Sort_Merge_Native/log/runhybrid.log,../gen/Tst_test/Sort_Merge_Native/log/p2pstat.log,True,,"[[31merror[0m] TODO: Do not support multiple writers to FIFO on Plasticine yet FIFO319[x962] MachSuite.scala:1836:21
",12.066996516,,20,20,,,,,,,,,,,,,,,,,,,,,,,,,,,,,,,,,,,False,False,,,,,,,,False,False,,,,,,,,,,,False,False,False
481d287,b0af048,2019-10-07 22:10:42,Sort_Radix,test,Tst,1000000000.0,../gen/Tst_test/Sort_Radix/log/runproute.log,../gen/Tst_test/Sort_Radix/log/runproute.sh,../gen/Tst_test/Sort_Radix/plastisim/summary.csv,../gen/Tst_test/Sort_Radix/pir/AccelMain.scala,../gen/Tst_test/Sort_Radix/log/,../gen/Tst_test/Sort_Radix/log/gentst.log,../gen/Tst_test/Sort_Radix/pir/out/resource.csv,../gen/Tst_test/Sort_Radix/log/maketst.log,../gen/Tst_test/Sort_Radix/log/runp2p.log,../gen/Tst_test/Sort_Radix/log/runhybrid.log,../gen/Tst_test/Sort_Radix/log/p2pstat.log,True,,"[[31merror[0m] Constrain failed on MemoryContainer1364
",113.570718749,,20,20,,,,,,,,,,,,,,,,,,,,,,,,,,,,,,,,,,,False,False,,,,,,,,False,False,,,,,,,,,,,False,False,False
481d287,b0af048,2019-10-07 22:10:42,SpamFiltering,test,Tst,1000000000.0,../gen/Tst_test/SpamFiltering/log/runproute.log,../gen/Tst_test/SpamFiltering/log/runproute.sh,../gen/Tst_test/SpamFiltering/plastisim/summary.csv,../gen/Tst_test/SpamFiltering/pir/AccelMain.scala,../gen/Tst_test/SpamFiltering/log/,../gen/Tst_test/SpamFiltering/log/gentst.log,../gen/Tst_test/SpamFiltering/pir/out/resource.csv,../gen/Tst_test/SpamFiltering/log/maketst.log,../gen/Tst_test/SpamFiltering/log/runp2p.log,../gen/Tst_test/SpamFiltering/log/runhybrid.log,../gen/Tst_test/SpamFiltering/log/p2pstat.log,True,,,,,,,,,,,,,,,,,,,,,,,,,,,,,,,,,,,,,,,,,False,False,,,,,,,,False,False,,,,,,,,,,,False,False,False
481d287,b0af048,2019-10-07 22:10:42,SparseMatrixCOO,test,Tst,1000000000.0,../gen/Tst_test/SparseMatrixCOO/log/runproute.log,../gen/Tst_test/SparseMatrixCOO/log/runproute.sh,../gen/Tst_test/SparseMatrixCOO/plastisim/summary.csv,../gen/Tst_test/SparseMatrixCOO/pir/AccelMain.scala,../gen/Tst_test/SparseMatrixCOO/log/,../gen/Tst_test/SparseMatrixCOO/log/gentst.log,../gen/Tst_test/SparseMatrixCOO/pir/out/resource.csv,../gen/Tst_test/SparseMatrixCOO/log/maketst.log,../gen/Tst_test/SparseMatrixCOO/log/runp2p.log,../gen/Tst_test/SparseMatrixCOO/log/runhybrid.log,../gen/Tst_test/SparseMatrixCOO/log/p2pstat.log,True,,,29.479011576,,20,20,5,16,6,14,40,40,200,200,,,,,,,,,,,,,,,,,,,,,,,1:09.10,305,,,False,True,,1.67869,0.839344,0:00.46,,,,False,False,,,,,"3602 OP, 11.81 GOPS","3468 OP, 11.37 GOPS","1428 OP, 4.68 GOPS","36 OP, 0.12 GOPS","2138 OP, 7.01 GOPS","1454 OP, 4.77 GOPS",True,False,True
481d287,b0af048,2019-10-07 22:10:42,SpecialMath,test,Tst,1000000000.0,../gen/Tst_test/SpecialMath/log/runproute.log,../gen/Tst_test/SpecialMath/log/runproute.sh,../gen/Tst_test/SpecialMath/plastisim/summary.csv,../gen/Tst_test/SpecialMath/pir/AccelMain.scala,../gen/Tst_test/SpecialMath/log/,../gen/Tst_test/SpecialMath/log/gentst.log,../gen/Tst_test/SpecialMath/pir/out/resource.csv,../gen/Tst_test/SpecialMath/log/maketst.log,../gen/Tst_test/SpecialMath/log/runp2p.log,../gen/Tst_test/SpecialMath/log/runhybrid.log,../gen/Tst_test/SpecialMath/log/p2pstat.log,True,,"[[31merror[0m] Failed passes: 61-TungstenPIRGen
",13.800571548,,20,20,2,12,2,0,40,40,200,200,,,,,,,,,,,,,,,,,,,,,,,,,,,False,False,,,,,,,,False,False,,,,,,,,,,,False,False,False
481d287,b0af048,2019-10-07 22:10:42,Stencil2D,test,Tst,1000000000.0,../gen/Tst_test/Stencil2D/log/runproute.log,../gen/Tst_test/Stencil2D/log/runproute.sh,../gen/Tst_test/Stencil2D/plastisim/summary.csv,../gen/Tst_test/Stencil2D/pir/AccelMain.scala,../gen/Tst_test/Stencil2D/log/,../gen/Tst_test/Stencil2D/log/gentst.log,../gen/Tst_test/Stencil2D/pir/out/resource.csv,../gen/Tst_test/Stencil2D/log/maketst.log,../gen/Tst_test/Stencil2D/log/runp2p.log,../gen/Tst_test/Stencil2D/log/runhybrid.log,../gen/Tst_test/Stencil2D/log/p2pstat.log,True,,"[0m[[0m[31merror[0m] [0m[0m/home/yaqiz/pldi20/spatial/gen/Tst_test/Stencil2D/pir/AccelMain.scala:80:29: not found: value x316[0m
",,,,,,,,,,,,,,,,,,,,,,,,,,,,,,,,,,,,,,,False,False,,,,,,,,False,False,,,,,,,,,,,False,False,False
481d287,b0af048,2019-10-07 22:10:42,Stencil3D,test,Tst,1000000000.0,../gen/Tst_test/Stencil3D/log/runproute.log,../gen/Tst_test/Stencil3D/log/runproute.sh,../gen/Tst_test/Stencil3D/plastisim/summary.csv,../gen/Tst_test/Stencil3D/pir/AccelMain.scala,../gen/Tst_test/Stencil3D/log/,../gen/Tst_test/Stencil3D/log/gentst.log,../gen/Tst_test/Stencil3D/pir/out/resource.csv,../gen/Tst_test/Stencil3D/log/maketst.log,../gen/Tst_test/Stencil3D/log/runp2p.log,../gen/Tst_test/Stencil3D/log/runhybrid.log,../gen/Tst_test/Stencil3D/log/p2pstat.log,True,,"[0m[[0m[31merror[0m] [0m[0m/home/yaqiz/pldi20/spatial/gen/Tst_test/Stencil3D/pir/AccelMain.scala:117:29: not found: value x529[0m
",,,,,,,,,,,,,,,,,,,,,,,,,,,,,,,,,,,,,,,False,False,,,,,,,,False,False,,,,,,,,,,,False,False,False
481d287,b0af048,2019-10-07 22:10:42,StreamFIFO,test,Tst,1000000000.0,../gen/Tst_test/StreamFIFO/log/runproute.log,../gen/Tst_test/StreamFIFO/log/runproute.sh,../gen/Tst_test/StreamFIFO/plastisim/summary.csv,../gen/Tst_test/StreamFIFO/pir/AccelMain.scala,../gen/Tst_test/StreamFIFO/log/,../gen/Tst_test/StreamFIFO/log/gentst.log,../gen/Tst_test/StreamFIFO/pir/out/resource.csv,../gen/Tst_test/StreamFIFO/log/maketst.log,../gen/Tst_test/StreamFIFO/log/runp2p.log,../gen/Tst_test/StreamFIFO/log/runhybrid.log,../gen/Tst_test/StreamFIFO/log/p2pstat.log,True,,,11.585876632,,20,20,2,3,0,4,40,40,200,200,,,,,,,,,,,,,,,,,,,,,,,0:31.58,81,,,False,True,,5.53086,4.74074,0:00.57,,,,False,False,,,,,"864 OP, 10.67 GOPS","864 OP, 10.67 GOPS","576 OP, 7.11 GOPS",,"288 OP, 3.56 GOPS","864 OP, 10.67 GOPS",True,False,True
481d287,b0af048,2019-10-07 22:10:42,StreamMultiFIFO,test,Tst,1000000000.0,../gen/Tst_test/StreamMultiFIFO/log/runproute.log,../gen/Tst_test/StreamMultiFIFO/log/runproute.sh,../gen/Tst_test/StreamMultiFIFO/plastisim/summary.csv,../gen/Tst_test/StreamMultiFIFO/pir/AccelMain.scala,../gen/Tst_test/StreamMultiFIFO/log/,../gen/Tst_test/StreamMultiFIFO/log/gentst.log,../gen/Tst_test/StreamMultiFIFO/pir/out/resource.csv,../gen/Tst_test/StreamMultiFIFO/log/maketst.log,../gen/Tst_test/StreamMultiFIFO/log/runp2p.log,../gen/Tst_test/StreamMultiFIFO/log/runhybrid.log,../gen/Tst_test/StreamMultiFIFO/log/p2pstat.log,True,,,10.148057218,,20,20,1,6,0,0,40,40,200,200,,,,,,,,,,,,,,,,,,,,,,,0:32.92,82,,,False,True,,0.0,2.34146,0:00.53,,,,False,False,,,,,"384 OP, 4.68 GOPS","384 OP, 4.68 GOPS","336 OP, 4.10 GOPS",,"48 OP, 0.59 GOPS","384 OP, 4.68 GOPS",True,False,True
481d287,b0af048,2019-10-07 22:10:42,StridedLoad,test,Tst,1000000000.0,../gen/Tst_test/StridedLoad/log/runproute.log,../gen/Tst_test/StridedLoad/log/runproute.sh,../gen/Tst_test/StridedLoad/plastisim/summary.csv,../gen/Tst_test/StridedLoad/pir/AccelMain.scala,../gen/Tst_test/StridedLoad/log/,../gen/Tst_test/StridedLoad/log/gentst.log,../gen/Tst_test/StridedLoad/pir/out/resource.csv,../gen/Tst_test/StridedLoad/log/maketst.log,../gen/Tst_test/StridedLoad/log/runp2p.log,../gen/Tst_test/StridedLoad/log/runhybrid.log,../gen/Tst_test/StridedLoad/log/p2pstat.log,True,,,19.834047032,,20,20,5,13,2,0,40,40,200,200,,,,,,,,,,,,,,,,,,,,,,,0:42.09,6212,,True,False,True,,3.95621,3.95621,0:00.76,,,,False,False,,,,,"88704 OP, 14.28 GOPS","23104 OP, 3.72 GOPS","55936 OP, 9.00 GOPS",,"32768 OP, 5.27 GOPS","23104 OP, 3.72 GOPS",True,False,True
481d287,b0af048,2019-10-07 22:10:42,StridedRowConvolution,test,Tst,1000000000.0,../gen/Tst_test/StridedRowConvolution/log/runproute.log,../gen/Tst_test/StridedRowConvolution/log/runproute.sh,../gen/Tst_test/StridedRowConvolution/plastisim/summary.csv,../gen/Tst_test/StridedRowConvolution/pir/AccelMain.scala,../gen/Tst_test/StridedRowConvolution/log/,../gen/Tst_test/StridedRowConvolution/log/gentst.log,../gen/Tst_test/StridedRowConvolution/pir/out/resource.csv,../gen/Tst_test/StridedRowConvolution/log/maketst.log,../gen/Tst_test/StridedRowConvolution/log/runp2p.log,../gen/Tst_test/StridedRowConvolution/log/runhybrid.log,../gen/Tst_test/StridedRowConvolution/log/p2pstat.log,True,,"[0m[[0m[31merror[0m] [0m[0m/home/yaqiz/pldi20/spatial/gen/Tst_test/StridedRowConvolution/pir/AccelMain.scala:107:29: not found: value x428[0m
",,,,,,,,,,,,,,,,,,,,,,,,,,,,,,,,,,,,,,,False,False,,,,,,,,False,False,,,,,,,,,,,False,False,False
481d287,b0af048,2019-10-07 22:10:42,StructReg,test,Tst,1000000000.0,../gen/Tst_test/StructReg/log/runproute.log,../gen/Tst_test/StructReg/log/runproute.sh,../gen/Tst_test/StructReg/plastisim/summary.csv,../gen/Tst_test/StructReg/pir/AccelMain.scala,../gen/Tst_test/StructReg/log/,../gen/Tst_test/StructReg/log/gentst.log,../gen/Tst_test/StructReg/pir/out/resource.csv,../gen/Tst_test/StructReg/log/maketst.log,../gen/Tst_test/StructReg/log/runp2p.log,../gen/Tst_test/StructReg/log/runhybrid.log,../gen/Tst_test/StructReg/log/p2pstat.log,True,,"[0m[[0m[31merror[0m] [0m[0m/home/yaqiz/pldi20/spatial/gen/Tst_test/StructReg/pir/AccelMain.scala:19:50: not found: value x72__1[0m
",,,,,,,,,,,,,,,,,,,,,,,,,,,,,,,,,,,,,,,False,False,,,,,,,,False,False,,,,,,,,,,,False,False,False
481d287,b0af048,2019-10-07 22:10:42,SwitchCaseController,test,Tst,1000000000.0,../gen/Tst_test/SwitchCaseController/log/runproute.log,../gen/Tst_test/SwitchCaseController/log/runproute.sh,../gen/Tst_test/SwitchCaseController/plastisim/summary.csv,../gen/Tst_test/SwitchCaseController/pir/AccelMain.scala,../gen/Tst_test/SwitchCaseController/log/,../gen/Tst_test/SwitchCaseController/log/gentst.log,../gen/Tst_test/SwitchCaseController/pir/out/resource.csv,../gen/Tst_test/SwitchCaseController/log/maketst.log,../gen/Tst_test/SwitchCaseController/log/runp2p.log,../gen/Tst_test/SwitchCaseController/log/runhybrid.log,../gen/Tst_test/SwitchCaseController/log/p2pstat.log,True,,"[[31merror[0m] Failed passes: 61-TungstenPIRGen
",17.534229059,,20,20,1,10,4,1,40,40,200,200,,,,,,,,,,,,,,,,,,,,,,,,,,,False,False,,,,,,,,False,False,,,,,,,,,,,False,False,False
481d287,b0af048,2019-10-07 22:10:42,SwitchCondReuse,test,Tst,1000000000.0,../gen/Tst_test/SwitchCondReuse/log/runproute.log,../gen/Tst_test/SwitchCondReuse/log/runproute.sh,../gen/Tst_test/SwitchCondReuse/plastisim/summary.csv,../gen/Tst_test/SwitchCondReuse/pir/AccelMain.scala,../gen/Tst_test/SwitchCondReuse/log/,../gen/Tst_test/SwitchCondReuse/log/gentst.log,../gen/Tst_test/SwitchCondReuse/pir/out/resource.csv,../gen/Tst_test/SwitchCondReuse/log/maketst.log,../gen/Tst_test/SwitchCondReuse/log/runp2p.log,../gen/Tst_test/SwitchCondReuse/log/runhybrid.log,../gen/Tst_test/SwitchCondReuse/log/p2pstat.log,True,,,17.902371672,,20,20,1,21,1,0,40,40,200,200,,,,,,,,,,,,,,,,,,,,,,,0:45.70,93,,True,False,True,,0.0,0.688172,0:00.56,,,,False,False,,,,,"641 OP, 6.89 GOPS","81 OP, 0.87 GOPS","177 OP, 1.90 GOPS",,"464 OP, 4.99 GOPS","81 OP, 0.87 GOPS",True,False,True
481d287,b0af048,2019-10-07 22:10:42,SwitchedBroadcastRead,test,Tst,1000000000.0,../gen/Tst_test/SwitchedBroadcastRead/log/runproute.log,../gen/Tst_test/SwitchedBroadcastRead/log/runproute.sh,../gen/Tst_test/SwitchedBroadcastRead/plastisim/summary.csv,../gen/Tst_test/SwitchedBroadcastRead/pir/AccelMain.scala,../gen/Tst_test/SwitchedBroadcastRead/log/,../gen/Tst_test/SwitchedBroadcastRead/log/gentst.log,../gen/Tst_test/SwitchedBroadcastRead/pir/out/resource.csv,../gen/Tst_test/SwitchedBroadcastRead/log/maketst.log,../gen/Tst_test/SwitchedBroadcastRead/log/runp2p.log,../gen/Tst_test/SwitchedBroadcastRead/log/runhybrid.log,../gen/Tst_test/SwitchedBroadcastRead/log/p2pstat.log,True,,,20.811853528,,20,20,2,9,4,0,40,40,200,200,,,,,,,,,,,,,,,,,,,,,,,0:39.77,11118,"Assertion fail:
",,True,False,,0.368412,0.0,0:00.71,,,,False,False,,,,,,,,,,,False,False,False
481d287,b0af048,2019-10-07 22:10:42,SynchronizedStartsTest,test,Tst,1000000000.0,../gen/Tst_test/SynchronizedStartsTest/log/runproute.log,../gen/Tst_test/SynchronizedStartsTest/log/runproute.sh,../gen/Tst_test/SynchronizedStartsTest/plastisim/summary.csv,../gen/Tst_test/SynchronizedStartsTest/pir/AccelMain.scala,../gen/Tst_test/SynchronizedStartsTest/log/,../gen/Tst_test/SynchronizedStartsTest/log/gentst.log,../gen/Tst_test/SynchronizedStartsTest/pir/out/resource.csv,../gen/Tst_test/SynchronizedStartsTest/log/maketst.log,../gen/Tst_test/SynchronizedStartsTest/log/runp2p.log,../gen/Tst_test/SynchronizedStartsTest/log/runhybrid.log,../gen/Tst_test/SynchronizedStartsTest/log/p2pstat.log,False,[error] TODO: Plasticine doesn't support POM yet,,,,,,,,,,,,,,,,,,,,,,,,,,,,,,,,,,,,,,,,False,False,,,,,,,,False,False,,,,,,,,,,,False,False,False
481d287,b0af048,2019-10-07 22:10:42,SystolishArray,test,Tst,1000000000.0,../gen/Tst_test/SystolishArray/log/runproute.log,../gen/Tst_test/SystolishArray/log/runproute.sh,../gen/Tst_test/SystolishArray/plastisim/summary.csv,../gen/Tst_test/SystolishArray/pir/AccelMain.scala,../gen/Tst_test/SystolishArray/log/,../gen/Tst_test/SystolishArray/log/gentst.log,../gen/Tst_test/SystolishArray/pir/out/resource.csv,../gen/Tst_test/SystolishArray/log/maketst.log,../gen/Tst_test/SystolishArray/log/runp2p.log,../gen/Tst_test/SystolishArray/log/runhybrid.log,../gen/Tst_test/SystolishArray/log/p2pstat.log,True,,"[[31merror[0m] Failed passes: 53-RuntimeAnalyzer
",12.368043694,,20,20,0,20,7,0,40,40,200,200,,,,,,,,,,,,,,,,,,,,,,,,,,,False,False,,,,,,,,False,False,,,,,,,,,,,False,False,False
481d287,b0af048,2019-10-07 22:10:42,TPCHQ6,test,Tst,1000000000.0,../gen/Tst_test/TPCHQ6/log/runproute.log,../gen/Tst_test/TPCHQ6/log/runproute.sh,../gen/Tst_test/TPCHQ6/plastisim/summary.csv,../gen/Tst_test/TPCHQ6/pir/AccelMain.scala,../gen/Tst_test/TPCHQ6/log/,../gen/Tst_test/TPCHQ6/log/gentst.log,../gen/Tst_test/TPCHQ6/pir/out/resource.csv,../gen/Tst_test/TPCHQ6/log/maketst.log,../gen/Tst_test/TPCHQ6/log/runp2p.log,../gen/Tst_test/TPCHQ6/log/runhybrid.log,../gen/Tst_test/TPCHQ6/log/p2pstat.log,True,,,29.241961365,,20,20,8,9,8,25,40,40,200,200,,,,,,,,,,,,,,,,,,,,,,,1:19.03,1967,,True,False,True,,31.2354,0.0,0:00.84,,,,False,False,,,,,"265105 OP, 134.78 GOPS","92305 OP, 46.93 GOPS","76935 OP, 39.11 GOPS",,"188170 OP, 95.66 GOPS","92305 OP, 46.93 GOPS",True,False,True
481d287,b0af048,2019-10-07 22:10:42,TRSM,test,Tst,1000000000.0,../gen/Tst_test/TRSM/log/runproute.log,../gen/Tst_test/TRSM/log/runproute.sh,../gen/Tst_test/TRSM/plastisim/summary.csv,../gen/Tst_test/TRSM/pir/AccelMain.scala,../gen/Tst_test/TRSM/log/,../gen/Tst_test/TRSM/log/gentst.log,../gen/Tst_test/TRSM/pir/out/resource.csv,../gen/Tst_test/TRSM/log/maketst.log,../gen/Tst_test/TRSM/log/runp2p.log,../gen/Tst_test/TRSM/log/runhybrid.log,../gen/Tst_test/TRSM/log/p2pstat.log,True,,"[[31merror[0m] Constrain failed on MemoryContainer766
",45.345553079,,20,20,,,,,,,,,,,,,,,,,,,,,,,,,,,,,,,,,,,False,False,,,,,,,,False,False,,,,,,,,,,,False,False,False
481d287,b0af048,2019-10-07 22:10:42,Tensor3D,test,Tst,1000000000.0,../gen/Tst_test/Tensor3D/log/runproute.log,../gen/Tst_test/Tensor3D/log/runproute.sh,../gen/Tst_test/Tensor3D/plastisim/summary.csv,../gen/Tst_test/Tensor3D/pir/AccelMain.scala,../gen/Tst_test/Tensor3D/log/,../gen/Tst_test/Tensor3D/log/gentst.log,../gen/Tst_test/Tensor3D/pir/out/resource.csv,../gen/Tst_test/Tensor3D/log/maketst.log,../gen/Tst_test/Tensor3D/log/runp2p.log,../gen/Tst_test/Tensor3D/log/runhybrid.log,../gen/Tst_test/Tensor3D/log/p2pstat.log,True,,,18.145287942,,20,20,2,7,1,2,40,40,200,200,,,,,,,,,,,,,,,,,,,,,,,0:42.89,640,,,False,True,,3.2,3.2,0:00.46,,,,False,False,,,,,"7808 OP, 12.20 GOPS","2624 OP, 4.10 GOPS","4736 OP, 7.40 GOPS",,"3072 OP, 4.80 GOPS","2624 OP, 4.10 GOPS",True,False,True
481d287,b0af048,2019-10-07 22:10:42,Tensor4D,test,Tst,1000000000.0,../gen/Tst_test/Tensor4D/log/runproute.log,../gen/Tst_test/Tensor4D/log/runproute.sh,../gen/Tst_test/Tensor4D/plastisim/summary.csv,../gen/Tst_test/Tensor4D/pir/AccelMain.scala,../gen/Tst_test/Tensor4D/log/,../gen/Tst_test/Tensor4D/log/gentst.log,../gen/Tst_test/Tensor4D/pir/out/resource.csv,../gen/Tst_test/Tensor4D/log/maketst.log,../gen/Tst_test/Tensor4D/log/runp2p.log,../gen/Tst_test/Tensor4D/log/runhybrid.log,../gen/Tst_test/Tensor4D/log/p2pstat.log,True,,,22.062481407,,20,20,2,5,2,7,40,40,200,200,,,,,,,,,,,,,,,,,,,,,,,0:52.95,2249,,,False,True,,3.64251,3.64251,0:00.63,,,,False,False,,,,,"44800 OP, 19.92 GOPS","11520 OP, 5.12 GOPS","28416 OP, 12.63 GOPS",,"16384 OP, 7.29 GOPS","11520 OP, 5.12 GOPS",True,False,True
481d287,b0af048,2019-10-07 22:10:42,Tensor5D,test,Tst,1000000000.0,../gen/Tst_test/Tensor5D/log/runproute.log,../gen/Tst_test/Tensor5D/log/runproute.sh,../gen/Tst_test/Tensor5D/plastisim/summary.csv,../gen/Tst_test/Tensor5D/pir/AccelMain.scala,../gen/Tst_test/Tensor5D/log/,../gen/Tst_test/Tensor5D/log/gentst.log,../gen/Tst_test/Tensor5D/pir/out/resource.csv,../gen/Tst_test/Tensor5D/log/maketst.log,../gen/Tst_test/Tensor5D/log/runp2p.log,../gen/Tst_test/Tensor5D/log/runhybrid.log,../gen/Tst_test/Tensor5D/log/p2pstat.log,True,,,25.508927306,,20,20,2,0,10,8,40,40,200,200,,,,,,,,,,,,,,,,,,,,,,,1:01.50,8539,,,False,True,,3.83745,3.83745,0:01.15,,,,False,False,,,,,"233472 OP, 27.34 GOPS","83968 OP, 9.83 GOPS","151552 OP, 17.75 GOPS",,"81920 OP, 9.59 GOPS","83968 OP, 9.83 GOPS",True,False,True
481d287,b0af048,2019-10-07 22:10:42,TensorConstructors,test,Tst,1000000000.0,../gen/Tst_test/TensorConstructors/log/runproute.log,../gen/Tst_test/TensorConstructors/log/runproute.sh,../gen/Tst_test/TensorConstructors/plastisim/summary.csv,../gen/Tst_test/TensorConstructors/pir/AccelMain.scala,../gen/Tst_test/TensorConstructors/log/,../gen/Tst_test/TensorConstructors/log/gentst.log,../gen/Tst_test/TensorConstructors/pir/out/resource.csv,../gen/Tst_test/TensorConstructors/log/maketst.log,../gen/Tst_test/TensorConstructors/log/runp2p.log,../gen/Tst_test/TensorConstructors/log/runhybrid.log,../gen/Tst_test/TensorConstructors/log/p2pstat.log,True,,,7.04377359,,20,20,0,0,0,0,40,40,200,200,,,,,,,,,,,,,,,,,,,,,,,0:26.96,1,,,False,True,,0.0,0.0,0:00.48,,,,False,False,,,,,,,,,,,True,False,True
481d287,b0af048,2019-10-07 22:10:42,TestPopcnt,test,Tst,1000000000.0,../gen/Tst_test/TestPopcnt/log/runproute.log,../gen/Tst_test/TestPopcnt/log/runproute.sh,../gen/Tst_test/TestPopcnt/plastisim/summary.csv,../gen/Tst_test/TestPopcnt/pir/AccelMain.scala,../gen/Tst_test/TestPopcnt/log/,../gen/Tst_test/TestPopcnt/log/gentst.log,../gen/Tst_test/TestPopcnt/pir/out/resource.csv,../gen/Tst_test/TestPopcnt/log/maketst.log,../gen/Tst_test/TestPopcnt/log/runp2p.log,../gen/Tst_test/TestPopcnt/log/runhybrid.log,../gen/Tst_test/TestPopcnt/log/p2pstat.log,True,,,,,,,,,,,,,,,,,,,,,,,,,,,,,,,,,,,,,,,,,False,False,,,,,,,,False,False,,,,,,,,,,,False,False,False
481d287,b0af048,2019-10-07 22:10:42,TileLoadStoreSimple,test,Tst,1000000000.0,../gen/Tst_test/TileLoadStoreSimple/log/runproute.log,../gen/Tst_test/TileLoadStoreSimple/log/runproute.sh,../gen/Tst_test/TileLoadStoreSimple/plastisim/summary.csv,../gen/Tst_test/TileLoadStoreSimple/pir/AccelMain.scala,../gen/Tst_test/TileLoadStoreSimple/log/,../gen/Tst_test/TileLoadStoreSimple/log/gentst.log,../gen/Tst_test/TileLoadStoreSimple/pir/out/resource.csv,../gen/Tst_test/TileLoadStoreSimple/log/maketst.log,../gen/Tst_test/TileLoadStoreSimple/log/runp2p.log,../gen/Tst_test/TileLoadStoreSimple/log/runhybrid.log,../gen/Tst_test/TileLoadStoreSimple/log/p2pstat.log,True,,,9.979698782,,20,20,2,6,2,0,40,40,200,200,,,,,,,,,,,,,,,,,,,,,,,0:30.19,549,,True,False,True,,1.39891,1.39891,0:00.41,,,,False,False,,,,,"972 OP, 1.77 GOPS","204 OP, 0.37 GOPS","204 OP, 0.37 GOPS",,"768 OP, 1.40 GOPS","204 OP, 0.37 GOPS",True,False,True
481d287,b0af048,2019-10-07 22:10:42,TransferArray,test,Tst,1000000000.0,../gen/Tst_test/TransferArray/log/runproute.log,../gen/Tst_test/TransferArray/log/runproute.sh,../gen/Tst_test/TransferArray/plastisim/summary.csv,../gen/Tst_test/TransferArray/pir/AccelMain.scala,../gen/Tst_test/TransferArray/log/,../gen/Tst_test/TransferArray/log/gentst.log,../gen/Tst_test/TransferArray/pir/out/resource.csv,../gen/Tst_test/TransferArray/log/maketst.log,../gen/Tst_test/TransferArray/log/runp2p.log,../gen/Tst_test/TransferArray/log/runhybrid.log,../gen/Tst_test/TransferArray/log/p2pstat.log,True,,,7.057713146,,20,20,0,0,0,0,40,40,200,200,,,,,,,,,,,,,,,,,,,,,,,0:24.81,1,,,False,True,,0.0,0.0,0:00.41,,,,False,False,,,,,,,,,,,True,False,True
481d287,b0af048,2019-10-07 22:10:42,TransferStruct,test,Tst,1000000000.0,../gen/Tst_test/TransferStruct/log/runproute.log,../gen/Tst_test/TransferStruct/log/runproute.sh,../gen/Tst_test/TransferStruct/plastisim/summary.csv,../gen/Tst_test/TransferStruct/pir/AccelMain.scala,../gen/Tst_test/TransferStruct/log/,../gen/Tst_test/TransferStruct/log/gentst.log,../gen/Tst_test/TransferStruct/pir/out/resource.csv,../gen/Tst_test/TransferStruct/log/maketst.log,../gen/Tst_test/TransferStruct/log/runp2p.log,../gen/Tst_test/TransferStruct/log/runhybrid.log,../gen/Tst_test/TransferStruct/log/p2pstat.log,True,,"[0m[[0m[31merror[0m] [0m[0m/home/yaqiz/pldi20/spatial/gen/Tst_test/TransferStruct/pir/AccelMain.scala:12:67: not found: value Velocity[0m
",,,,,,,,,,,,,,,,,,,,,,,,,,,,,,,,,,,,,,,False,False,,,,,,,,False,False,,,,,,,,,,,False,False,False
481d287,b0af048,2019-10-07 22:10:42,TransferSubByteTypes,test,Tst,1000000000.0,../gen/Tst_test/TransferSubByteTypes/log/runproute.log,../gen/Tst_test/TransferSubByteTypes/log/runproute.sh,../gen/Tst_test/TransferSubByteTypes/plastisim/summary.csv,../gen/Tst_test/TransferSubByteTypes/pir/AccelMain.scala,../gen/Tst_test/TransferSubByteTypes/log/,../gen/Tst_test/TransferSubByteTypes/log/gentst.log,../gen/Tst_test/TransferSubByteTypes/pir/out/resource.csv,../gen/Tst_test/TransferSubByteTypes/log/maketst.log,../gen/Tst_test/TransferSubByteTypes/log/runp2p.log,../gen/Tst_test/TransferSubByteTypes/log/runhybrid.log,../gen/Tst_test/TransferSubByteTypes/log/p2pstat.log,True,,"[[31merror[0m] Failed passes: 61-TungstenPIRGen
",36.303896774,,20,20,6,33,3,24,40,40,200,200,,,,,,,,,,,,,,,,,,,,,,,,,,,False,False,,,,,,,,False,False,,,,,,,,,,,False,False,False
481d287,b0af048,2019-10-07 22:10:42,TwiddlingWithStructs,test,Tst,1000000000.0,../gen/Tst_test/TwiddlingWithStructs/log/runproute.log,../gen/Tst_test/TwiddlingWithStructs/log/runproute.sh,../gen/Tst_test/TwiddlingWithStructs/plastisim/summary.csv,../gen/Tst_test/TwiddlingWithStructs/pir/AccelMain.scala,../gen/Tst_test/TwiddlingWithStructs/log/,../gen/Tst_test/TwiddlingWithStructs/log/gentst.log,../gen/Tst_test/TwiddlingWithStructs/pir/out/resource.csv,../gen/Tst_test/TwiddlingWithStructs/log/maketst.log,../gen/Tst_test/TwiddlingWithStructs/log/runp2p.log,../gen/Tst_test/TwiddlingWithStructs/log/runhybrid.log,../gen/Tst_test/TwiddlingWithStructs/log/p2pstat.log,True,,,,,,,,,,,,,,,,,,,,,,,,,,,,,,,,,,,,,,,,,False,False,,,,,,,,False,False,,,,,,,,,,,False,False,False
481d287,b0af048,2019-10-07 22:10:42,TwoDuplicatesPachinko,test,Tst,1000000000.0,../gen/Tst_test/TwoDuplicatesPachinko/log/runproute.log,../gen/Tst_test/TwoDuplicatesPachinko/log/runproute.sh,../gen/Tst_test/TwoDuplicatesPachinko/plastisim/summary.csv,../gen/Tst_test/TwoDuplicatesPachinko/pir/AccelMain.scala,../gen/Tst_test/TwoDuplicatesPachinko/log/,../gen/Tst_test/TwoDuplicatesPachinko/log/gentst.log,../gen/Tst_test/TwoDuplicatesPachinko/pir/out/resource.csv,../gen/Tst_test/TwoDuplicatesPachinko/log/maketst.log,../gen/Tst_test/TwoDuplicatesPachinko/log/runp2p.log,../gen/Tst_test/TwoDuplicatesPachinko/log/runhybrid.log,../gen/Tst_test/TwoDuplicatesPachinko/log/p2pstat.log,True,,,11.244795747,,20,20,1,2,1,2,40,40,200,200,,,,,,,,,,,,,,,,,,,,,,,0:32.17,321,,,False,True,,3.19003,0.0,0:00.55,,,,False,False,,,,,"9280 OP, 28.91 GOPS","576 OP, 1.79 GOPS","1088 OP, 3.39 GOPS",,"8192 OP, 25.52 GOPS","576 OP, 1.79 GOPS",True,False,True
481d287,b0af048,2019-10-07 22:10:42,TwoDuplicatesSimple,test,Tst,1000000000.0,../gen/Tst_test/TwoDuplicatesSimple/log/runproute.log,../gen/Tst_test/TwoDuplicatesSimple/log/runproute.sh,../gen/Tst_test/TwoDuplicatesSimple/plastisim/summary.csv,../gen/Tst_test/TwoDuplicatesSimple/pir/AccelMain.scala,../gen/Tst_test/TwoDuplicatesSimple/log/,../gen/Tst_test/TwoDuplicatesSimple/log/gentst.log,../gen/Tst_test/TwoDuplicatesSimple/pir/out/resource.csv,../gen/Tst_test/TwoDuplicatesSimple/log/maketst.log,../gen/Tst_test/TwoDuplicatesSimple/log/runp2p.log,../gen/Tst_test/TwoDuplicatesSimple/log/runhybrid.log,../gen/Tst_test/TwoDuplicatesSimple/log/p2pstat.log,True,,,11.0743665,,20,20,2,4,0,3,40,40,200,200,,,,,,,,,,,,,,,,,,,,,,,0:35.67,34,,,False,True,,0.0,7.52941,0:00.52,,,,False,False,,,,,"44 OP, 1.29 GOPS","44 OP, 1.29 GOPS","44 OP, 1.29 GOPS",,,"44 OP, 1.29 GOPS",True,False,True
481d287,b0af048,2019-10-07 22:10:42,UnalignedFIFOLoadStore,test,Tst,1000000000.0,../gen/Tst_test/UnalignedFIFOLoadStore/log/runproute.log,../gen/Tst_test/UnalignedFIFOLoadStore/log/runproute.sh,../gen/Tst_test/UnalignedFIFOLoadStore/plastisim/summary.csv,../gen/Tst_test/UnalignedFIFOLoadStore/pir/AccelMain.scala,../gen/Tst_test/UnalignedFIFOLoadStore/log/,../gen/Tst_test/UnalignedFIFOLoadStore/log/gentst.log,../gen/Tst_test/UnalignedFIFOLoadStore/pir/out/resource.csv,../gen/Tst_test/UnalignedFIFOLoadStore/log/maketst.log,../gen/Tst_test/UnalignedFIFOLoadStore/log/runp2p.log,../gen/Tst_test/UnalignedFIFOLoadStore/log/runhybrid.log,../gen/Tst_test/UnalignedFIFOLoadStore/log/p2pstat.log,True,,,15.173428042,,20,20,3,15,0,4,40,40,200,200,,,,,,,,,,,,,,,,,,,,,,,0:46.17,3689,,True,False,True,,3.48712,5.49959,0:00.69,,,,False,False,,,,,"38288 OP, 10.38 GOPS","38160 OP, 10.34 GOPS","26400 OP, 7.16 GOPS",,"11888 OP, 3.22 GOPS","38160 OP, 10.34 GOPS",True,False,True
481d287,b0af048,2019-10-07 22:10:42,UnalignedLoad1D,test,Tst,1000000000.0,../gen/Tst_test/UnalignedLoad1D/log/runproute.log,../gen/Tst_test/UnalignedLoad1D/log/runproute.sh,../gen/Tst_test/UnalignedLoad1D/plastisim/summary.csv,../gen/Tst_test/UnalignedLoad1D/pir/AccelMain.scala,../gen/Tst_test/UnalignedLoad1D/log/,../gen/Tst_test/UnalignedLoad1D/log/gentst.log,../gen/Tst_test/UnalignedLoad1D/pir/out/resource.csv,../gen/Tst_test/UnalignedLoad1D/log/maketst.log,../gen/Tst_test/UnalignedLoad1D/log/runp2p.log,../gen/Tst_test/UnalignedLoad1D/log/runhybrid.log,../gen/Tst_test/UnalignedLoad1D/log/p2pstat.log,True,,,15.315474553,,20,20,1,9,1,0,40,40,200,200,,,,,,,,,,,,,,,,,,,,,,,0:38.11,2487,,True,False,True,,2.88219,0.0,0:00.52,,,,False,False,,,,,"24600 OP, 9.89 GOPS","11400 OP, 4.58 GOPS","9800 OP, 3.94 GOPS",,"14800 OP, 5.95 GOPS","11400 OP, 4.58 GOPS",True,False,True
481d287,b0af048,2019-10-07 22:10:42,UnalignedLoad1D_2,test,Tst,1000000000.0,../gen/Tst_test/UnalignedLoad1D_2/log/runproute.log,../gen/Tst_test/UnalignedLoad1D_2/log/runproute.sh,../gen/Tst_test/UnalignedLoad1D_2/plastisim/summary.csv,../gen/Tst_test/UnalignedLoad1D_2/pir/AccelMain.scala,../gen/Tst_test/UnalignedLoad1D_2/log/,../gen/Tst_test/UnalignedLoad1D_2/log/gentst.log,../gen/Tst_test/UnalignedLoad1D_2/pir/out/resource.csv,../gen/Tst_test/UnalignedLoad1D_2/log/maketst.log,../gen/Tst_test/UnalignedLoad1D_2/log/runp2p.log,../gen/Tst_test/UnalignedLoad1D_2/log/runhybrid.log,../gen/Tst_test/UnalignedLoad1D_2/log/p2pstat.log,True,,,16.05233719,,20,20,1,8,1,1,40,40,200,200,,,,,,,,,,,,,,,,,,,,,,,0:33.88,1686,,True,False,True,,3.03677,0.0,0:00.42,,,,False,False,,,,,"15900 OP, 9.43 GOPS","7900 OP, 4.69 GOPS","7000 OP, 4.15 GOPS",,"8900 OP, 5.28 GOPS","7900 OP, 4.69 GOPS",True,False,True
481d287,b0af048,2019-10-07 22:10:42,UnalignedLoadStore2D,test,Tst,1000000000.0,../gen/Tst_test/UnalignedLoadStore2D/log/runproute.log,../gen/Tst_test/UnalignedLoadStore2D/log/runproute.sh,../gen/Tst_test/UnalignedLoadStore2D/plastisim/summary.csv,../gen/Tst_test/UnalignedLoadStore2D/pir/AccelMain.scala,../gen/Tst_test/UnalignedLoadStore2D/log/,../gen/Tst_test/UnalignedLoadStore2D/log/gentst.log,../gen/Tst_test/UnalignedLoadStore2D/pir/out/resource.csv,../gen/Tst_test/UnalignedLoadStore2D/log/maketst.log,../gen/Tst_test/UnalignedLoadStore2D/log/runp2p.log,../gen/Tst_test/UnalignedLoadStore2D/log/runhybrid.log,../gen/Tst_test/UnalignedLoadStore2D/log/p2pstat.log,True,,,12.469814256,,20,20,2,5,1,0,40,40,200,200,,,,,,,,,,,,,,,,,,,,,,,0:32.80,391,,,False,True,,2.61893,3.27366,0:00.40,,,,False,False,,,,,"220 OP, 0.56 GOPS","220 OP, 0.56 GOPS","180 OP, 0.46 GOPS",,"40 OP, 0.10 GOPS","220 OP, 0.56 GOPS",True,False,True
481d287,b0af048,2019-10-07 22:10:42,UnalignedMemCopyFIFO,test,Tst,1000000000.0,../gen/Tst_test/UnalignedMemCopyFIFO/log/runproute.log,../gen/Tst_test/UnalignedMemCopyFIFO/log/runproute.sh,../gen/Tst_test/UnalignedMemCopyFIFO/plastisim/summary.csv,../gen/Tst_test/UnalignedMemCopyFIFO/pir/AccelMain.scala,../gen/Tst_test/UnalignedMemCopyFIFO/log/,../gen/Tst_test/UnalignedMemCopyFIFO/log/gentst.log,../gen/Tst_test/UnalignedMemCopyFIFO/pir/out/resource.csv,../gen/Tst_test/UnalignedMemCopyFIFO/log/maketst.log,../gen/Tst_test/UnalignedMemCopyFIFO/log/runp2p.log,../gen/Tst_test/UnalignedMemCopyFIFO/log/runhybrid.log,../gen/Tst_test/UnalignedMemCopyFIFO/log/p2pstat.log,True,,"[0m[[0m[31merror[0m] [0m[0m/home/yaqiz/pldi20/spatial/gen/Tst_test/UnalignedMemCopyFIFO/pir/AccelMain.scala:113:29: not found: value RegReset[0m
",,,,,,,,,,,,,,,,,,,,,,,,,,,,,,,,,,,,,,,False,False,,,,,,,,False,False,,,,,,,,,,,False,False,False
481d287,b0af048,2019-10-07 22:10:42,UnalignedTileLoadStore,test,Tst,1000000000.0,../gen/Tst_test/UnalignedTileLoadStore/log/runproute.log,../gen/Tst_test/UnalignedTileLoadStore/log/runproute.sh,../gen/Tst_test/UnalignedTileLoadStore/plastisim/summary.csv,../gen/Tst_test/UnalignedTileLoadStore/pir/AccelMain.scala,../gen/Tst_test/UnalignedTileLoadStore/log/,../gen/Tst_test/UnalignedTileLoadStore/log/gentst.log,../gen/Tst_test/UnalignedTileLoadStore/pir/out/resource.csv,../gen/Tst_test/UnalignedTileLoadStore/log/maketst.log,../gen/Tst_test/UnalignedTileLoadStore/log/runp2p.log,../gen/Tst_test/UnalignedTileLoadStore/log/runhybrid.log,../gen/Tst_test/UnalignedTileLoadStore/log/p2pstat.log,True,,,33.129886886,,20,20,8,26,4,16,40,40,200,200,,,,,,,,,,,,,,,,,,,,,,,1:23.62,511,,True,False,True,,6.26223,7.26419,0:00.57,,,,False,False,,,,,"24232 OP, 47.42 GOPS","15936 OP, 31.19 GOPS","12328 OP, 24.13 GOPS",,"11904 OP, 23.30 GOPS","15936 OP, 31.19 GOPS",True,False,True
481d287,b0af048,2019-10-07 22:10:42,UniqueParallelLoad,test,Tst,1000000000.0,../gen/Tst_test/UniqueParallelLoad/log/runproute.log,../gen/Tst_test/UniqueParallelLoad/log/runproute.sh,../gen/Tst_test/UniqueParallelLoad/plastisim/summary.csv,../gen/Tst_test/UniqueParallelLoad/pir/AccelMain.scala,../gen/Tst_test/UniqueParallelLoad/log/,../gen/Tst_test/UniqueParallelLoad/log/gentst.log,../gen/Tst_test/UniqueParallelLoad/pir/out/resource.csv,../gen/Tst_test/UniqueParallelLoad/log/maketst.log,../gen/Tst_test/UniqueParallelLoad/log/runp2p.log,../gen/Tst_test/UniqueParallelLoad/log/runhybrid.log,../gen/Tst_test/UniqueParallelLoad/log/p2pstat.log,True,,,12.548715868,,20,20,2,5,2,0,40,40,200,200,,,,,,,,,,,,,,,,,,,,,,,0:34.31,27705,,True,False,True,,3.32648,0.0,0:00.89,,,,False,False,,,,,"116161 OP, 4.19 GOPS","47041 OP, 1.70 GOPS","116161 OP, 4.19 GOPS",,,"47041 OP, 1.70 GOPS",True,False,True
481d287,b0af048,2019-10-07 22:10:42,UnrAccessCycleDetection,test,Tst,1000000000.0,../gen/Tst_test/UnrAccessCycleDetection/log/runproute.log,../gen/Tst_test/UnrAccessCycleDetection/log/runproute.sh,../gen/Tst_test/UnrAccessCycleDetection/plastisim/summary.csv,../gen/Tst_test/UnrAccessCycleDetection/pir/AccelMain.scala,../gen/Tst_test/UnrAccessCycleDetection/log/,../gen/Tst_test/UnrAccessCycleDetection/log/gentst.log,../gen/Tst_test/UnrAccessCycleDetection/pir/out/resource.csv,../gen/Tst_test/UnrAccessCycleDetection/log/maketst.log,../gen/Tst_test/UnrAccessCycleDetection/log/runp2p.log,../gen/Tst_test/UnrAccessCycleDetection/log/runhybrid.log,../gen/Tst_test/UnrAccessCycleDetection/log/p2pstat.log,True,,,33.144401926,,20,20,1,10,11,2,40,40,200,200,,,,,,,,,,,,,,,,,,,,,,,0:54.71,173,"Assertion fail:
",,False,False,,0.0,0.739884,0:00.52,,,,False,False,,,,,,,,,,,False,False,False
481d287,b0af048,2019-10-07 22:10:42,UnrollingTest,test,Tst,1000000000.0,../gen/Tst_test/UnrollingTest/log/runproute.log,../gen/Tst_test/UnrollingTest/log/runproute.sh,../gen/Tst_test/UnrollingTest/plastisim/summary.csv,../gen/Tst_test/UnrollingTest/pir/AccelMain.scala,../gen/Tst_test/UnrollingTest/log/,../gen/Tst_test/UnrollingTest/log/gentst.log,../gen/Tst_test/UnrollingTest/pir/out/resource.csv,../gen/Tst_test/UnrollingTest/log/maketst.log,../gen/Tst_test/UnrollingTest/log/runp2p.log,../gen/Tst_test/UnrollingTest/log/runhybrid.log,../gen/Tst_test/UnrollingTest/log/p2pstat.log,True,,,8.892934559,,20,20,0,2,2,0,40,40,200,200,,,,,,,,,,,,,,,,,,,,,,,0:28.55,1,,True,False,True,,0.0,0.0,0:00.45,,,,False,False,,,,,"0 OP, 0.00 GOPS","0 OP, 0.00 GOPS","0 OP, 0.00 GOPS",,"0 OP, 0.00 GOPS","0 OP, 0.00 GOPS",True,False,True
481d287,b0af048,2019-10-07 22:10:42,UserVectors,test,Tst,1000000000.0,../gen/Tst_test/UserVectors/log/runproute.log,../gen/Tst_test/UserVectors/log/runproute.sh,../gen/Tst_test/UserVectors/plastisim/summary.csv,../gen/Tst_test/UserVectors/pir/AccelMain.scala,../gen/Tst_test/UserVectors/log/,../gen/Tst_test/UserVectors/log/gentst.log,../gen/Tst_test/UserVectors/pir/out/resource.csv,../gen/Tst_test/UserVectors/log/maketst.log,../gen/Tst_test/UserVectors/log/runp2p.log,../gen/Tst_test/UserVectors/log/runhybrid.log,../gen/Tst_test/UserVectors/log/p2pstat.log,True,,,,,,,,,,,,,,,,,,,,,,,,,,,,,,,,,,,,,,,,,False,False,,,,,,,,False,False,,,,,,,,,,,False,False,False
481d287,b0af048,2019-10-07 22:10:42,Viterbi,test,Tst,1000000000.0,../gen/Tst_test/Viterbi/log/runproute.log,../gen/Tst_test/Viterbi/log/runproute.sh,../gen/Tst_test/Viterbi/plastisim/summary.csv,../gen/Tst_test/Viterbi/pir/AccelMain.scala,../gen/Tst_test/Viterbi/log/,../gen/Tst_test/Viterbi/log/gentst.log,../gen/Tst_test/Viterbi/pir/out/resource.csv,../gen/Tst_test/Viterbi/log/maketst.log,../gen/Tst_test/Viterbi/log/runp2p.log,../gen/Tst_test/Viterbi/log/runhybrid.log,../gen/Tst_test/Viterbi/log/p2pstat.log,True,,"[0m[[0m[31merror[0m] [0m[0m/home/yaqiz/pldi20/spatial/gen/Tst_test/Viterbi/pir/AccelMain.scala:260:29: not found: value RegReset[0m
",,,,,,,,,,,,,,,,,,,,,,,,,,,,,,,,,,,,,,,False,False,,,,,,,,False,False,,,,,,,,,,,False,False,False
